Date,Time,Open,High,Low,Close,Volume,OpenInt
2014-08-12,16:00:00,95.625,96.462,95.625,96.183,8078101,0
2014-08-12,17:00:00,96.188,96.273,95.824,95.934,7160988,0
2014-08-12,18:00:00,95.934,95.964,95.486,95.914,6108750,0
2014-08-12,19:00:00,95.904,95.914,95.586,95.675,3374536,0
2014-08-12,20:00:00,95.666,95.815,95.635,95.751,2890700,0
2014-08-12,21:00:00,95.745,95.765,95.197,95.232,4579640,0
2014-08-12,22:00:00,95.228,95.755,95.228,95.556,7352963,0
2014-08-13,16:00:00,95.735,96.093,95.625,95.894,4900128,0
2014-08-13,17:00:00,95.89,96.273,95.884,96.223,6725463,0
2014-08-13,18:00:00,96.223,96.531,96.222,96.372,5815124,0
2014-08-13,19:00:00,96.367,96.432,96.243,96.402,3098677,0
2014-08-13,20:00:00,96.402,96.661,96.342,96.651,4767276,0
2014-08-13,21:00:00,96.661,96.691,96.442,96.647,4462636,0
2014-08-13,22:00:00,96.642,96.82,96.541,96.82,7676161,0
2014-08-14,16:00:00,96.91,97.029,96.382,96.701,7018236,0
2014-08-14,17:00:00,96.691,97.119,96.556,97.029,8059670,0
2014-08-14,18:00:00,97.029,97.119,96.706,96.89,5722445,0
2014-08-14,19:00:00,96.9,96.97,96.8,96.89,2940705,0
2014-08-14,20:00:00,96.887,97.149,96.83,97.139,3997761,0
2014-08-14,21:00:00,97.139,97.139,96.91,97.064,3526489,0
2014-08-14,22:00:00,97.068,97.149,96.96,97.079,6312926,0
2014-08-15,16:00:00,97.477,97.567,97.029,97.358,11304365,0
2014-08-15,17:00:00,97.358,97.766,96.93,97.174,12601122,0
2014-08-15,18:00:00,97.179,97.418,96.442,96.701,10776391,0
2014-08-15,19:00:00,96.701,97.069,96.521,96.94,5100580,0
2014-08-15,20:00:00,96.93,97.139,96.78,96.979,3812325,0
2014-08-15,21:00:00,96.989,97.338,96.93,97.268,5060515,0
2014-08-15,22:00:00,97.268,97.577,97.099,97.557,8219969,0
2014-08-18,16:00:00,98.065,98.304,97.557,98.284,9737847,0
2014-08-18,17:00:00,98.284,98.563,98.115,98.553,8663631,0
2014-08-18,18:00:00,98.553,98.702,97.666,98.523,7482219,0
2014-08-18,19:00:00,98.526,98.652,98.433,98.642,5125236,0
2014-08-18,20:00:00,98.652,98.941,98.622,98.828,7233736,0
2014-08-18,21:00:00,98.828,98.911,98.632,98.752,6551021,0
2014-08-18,22:00:00,98.752,98.812,98.642,98.732,261377023,0
2014-08-19,16:00:00,98.981,99.449,98.891,99.404,10069359,0
2014-08-19,17:00:00,99.399,99.51,99.13,99.328,10518229,0
2014-08-19,18:00:00,99.319,99.57,99.12,99.55,10307063,0
2014-08-19,19:00:00,99.55,100.09,99.409,99.89,18967564,0
2014-08-19,20:00:00,99.89,100.12,99.78,99.99,8579000,0
2014-08-19,21:00:00,100,100.19,99.9,99.97,7900050,0
2014-08-19,22:00:00,99.96,100.25,99.85,100.1,15248815,0
2014-08-20,16:00:00,100.02,100.33,99.82,100.03,10059745,0
2014-08-20,17:00:00,100.03,100.04,99.52,99.97,12975906,0
2014-08-20,18:00:00,99.96,100.43,99.89,100.35,8677872,0
2014-08-20,19:00:00,100.35,100.45,100.16,100.44,5800100,0
2014-08-20,20:00:00,100.43,100.65,100.33,100.47,6619373,0
2014-08-20,21:00:00,100.48,100.5,100.25,100.42,6826448,0
2014-08-20,22:00:00,100.43,100.55,100.12,100.14,12249325,0
2014-08-21,16:00:00,100.14,100.34,99.92,100.18,6626767,0
2014-08-21,17:00:00,100.19,100.21,99.68,100.01,7862765,0
2014-08-21,18:00:00,100.01,100.11,99.91,100.01,4869852,0
2014-08-21,19:00:00,100.01,100.12,99.92,100.04,4186201,0
2014-08-21,20:00:00,100.04,100.24,100.02,100.2,3930882,0
2014-08-21,21:00:00,100.2,100.5,100.19,100.39,5311013,0
2014-08-21,22:00:00,100.4,100.41,100.04,100.15,42216335,0
2014-08-22,16:00:00,99.86,100.45,99.76,100.44,6697991,0
2014-08-22,17:00:00,100.43,100.8,100.18,100.53,11449922,0
2014-08-22,18:00:00,100.53,100.97,100.41,100.92,8421983,0
2014-08-22,19:00:00,100.92,101.03,100.73,100.87,4498663,0
2014-08-22,20:00:00,100.87,100.9,100.54,100.72,6327300,0
2014-08-22,21:00:00,100.72,100.8,100.55,100.76,5673617,0
2014-08-22,22:00:00,100.76,100.96,100.68,100.88,10548864,0
2014-08-25,16:00:00,101.36,101.73,101.25,101.37,10008085,0
2014-08-25,17:00:00,101.36,101.58,101.1,101.52,10586199,0
2014-08-25,18:00:00,101.52,101.62,101.38,101.5,6024971,0
2014-08-25,19:00:00,101.49,101.55,101.02,101.13,5463216,0
2014-08-25,20:00:00,101.12,101.31,100.84,101.2,5053145,0
2014-08-25,21:00:00,101.19,101.21,101.04,101.18,3641061,0
2014-08-25,22:00:00,101.18,101.31,101.09,101.1,6078303,0
2014-08-26,16:00:00,100.98,101.06,100.42,100.78,8055780,0
2014-08-26,17:00:00,100.78,100.82,100.43,100.59,9233109,0
2014-08-26,18:00:00,100.59,100.75,100.55,100.72,5026921,0
2014-08-26,19:00:00,100.72,100.96,100.63,100.67,3652278,0
2014-08-26,20:00:00,100.68,100.77,100.6,100.74,2683222,0
2014-08-26,21:00:00,100.75,100.84,100.64,100.68,4002342,0
2014-08-26,22:00:00,100.68,100.76,100.44,100.45,6573959,0
2014-08-27,16:00:00,100.58,100.74,100.27,100.41,6298766,0
2014-08-27,17:00:00,100.4,100.74,100.28,100.72,7029747,0
2014-08-27,18:00:00,100.72,101.54,100.56,101.32,9437427,0
2014-08-27,19:00:00,101.32,101.62,101.29,101.62,7463920,0
2014-08-27,20:00:00,101.62,101.74,101.4,101.72,7312081,0
2014-08-27,21:00:00,101.71,102.13,101.63,101.63,10685753,0
2014-08-27,22:00:00,101.64,101.81,101.5,101.69,13411285,0
2014-08-28,16:00:00,101.15,102.1,101.12,101.97,11058549,0
2014-08-28,17:00:00,101.99,102.06,101.6,101.93,10653861,0
2014-08-28,18:00:00,101.93,102.12,101.81,101.98,9462768,0
2014-08-28,19:00:00,101.98,102.34,101.93,101.99,10286285,0
2014-08-28,20:00:00,101.99,102.09,101.83,101.98,7561182,0
2014-08-28,21:00:00,101.98,102.07,101.82,101.84,4205054,0
2014-08-28,22:00:00,101.84,102.08,101.72,101.81,672861965,0
2014-08-29,16:00:00,102.37,102.46,101.91,102.08,7190239,0
2014-08-29,17:00:00,102.08,102.15,101.76,102.03,8323252,0
2014-08-29,18:00:00,102.04,102.23,102,102.04,6412423,0
2014-08-29,19:00:00,102.04,102.09,101.86,102,4569685,0
2014-08-29,20:00:00,102,102.08,101.9,101.99,3375217,0
2014-08-29,21:00:00,101.99,102.17,101.98,102.15,4401587,0
2014-08-29,22:00:00,102.15,102.16,101.9,102.06,98648089,0
2014-09-02,16:00:00,102.62,102.74,102.28,102.56,10197219,0
2014-09-02,17:00:00,102.55,103.29,102.55,103.2,13208990,0
2014-09-02,18:00:00,103.19,103.24,102.85,102.86,7745428,0
2014-09-02,19:00:00,102.86,103.1,102.77,102.89,6601770,0
2014-09-02,20:00:00,102.89,103.02,102.65,103,6421374,0
2014-09-02,21:00:00,103,103,102.53,102.76,7485110,0
2014-09-02,22:00:00,102.76,102.86,102.65,102.85,13690135,0
2014-09-03,16:00:00,102.65,102.75,99.469,99.85,33022354,0
2014-09-03,17:00:00,99.85,100.67,99.6,99.84,24577898,0
2014-09-03,18:00:00,99.83,99.94,98.154,98.662,32048729,0
2014-09-03,19:00:00,98.659,99.499,98.373,99.449,22637913,0
2014-09-03,20:00:00,99.439,99.75,98.884,99.489,11136482,0
2014-09-03,21:00:00,99.489,99.56,98.483,98.553,11811650,0
2014-09-03,22:00:00,98.543,98.772,98.383,98.513,21515470,0
2014-09-04,16:00:00,98.423,99.369,97.368,99.2,28534736,0
2014-09-04,17:00:00,99.21,99.66,99.09,99.51,19645075,0
2014-09-04,18:00:00,99.499,99.56,98.921,99.08,11278896,0
2014-09-04,19:00:00,99.07,99.26,98.682,98.961,8247985,0
2014-09-04,20:00:00,98.961,99.08,98.612,98.662,6048434,0
2014-09-04,21:00:00,98.662,98.841,97.637,97.676,11731278,0
2014-09-04,22:00:00,97.686,97.845,97.428,97.696,17519510,0
2014-09-05,16:00:00,98.373,98.821,98.015,98.553,11205098,0
2014-09-05,17:00:00,98.563,98.961,98.154,98.663,13076026,0
2014-09-05,18:00:00,98.672,98.821,98.158,98.334,9793874,0
2014-09-05,19:00:00,98.344,98.503,97.975,97.994,7208590,0
2014-09-05,20:00:00,97.995,98.284,97.886,98.274,5206916,0
2014-09-05,21:00:00,98.284,98.433,98.164,98.224,5758344,0
2014-09-05,22:00:00,98.219,98.563,98.025,98.543,12429367,0
2014-09-08,16:00:00,98.871,98.881,98.204,98.523,10720562,0
2014-09-08,17:00:00,98.513,98.563,98.214,98.509,9074463,0
2014-09-08,18:00:00,98.508,98.672,98.324,98.358,6945273,0
2014-09-08,19:00:00,98.354,98.871,98.224,98.34,4385067,0
2014-09-08,20:00:00,98.339,98.443,97.686,97.776,7800661,0
2014-09-08,21:00:00,97.766,97.955,97.627,97.9,6375441,0
2014-09-08,22:00:00,97.905,97.995,97.726,97.935,9918625,0
2014-09-09,16:00:00,98.652,99.17,98.436,98.931,10203954,0
2014-09-09,17:00:00,98.931,99.25,98.395,98.742,12796389,0
2014-09-09,18:00:00,98.742,99.14,98.682,99.075,7639036,0
2014-09-09,19:00:00,99.066,99.89,99.021,99.82,17406314,0
2014-09-09,20:00:00,99.82,102.63,97.676,102.3,51970921,0
2014-09-09,21:00:00,102.3,102.56,97.975,98.85,48930950,0
2014-09-09,22:00:00,98.851,98.891,95.725,97.567,691860696,0
2014-09-10,16:00:00,97.587,98.871,97.368,97.856,20548165,0
2014-09-10,17:00:00,97.846,98.473,97.338,98.329,21425646,0
2014-09-10,18:00:00,98.324,99.319,97.876,99.22,16397202,0
2014-09-10,19:00:00,99.21,100.31,98.991,100.01,15324189,0
2014-09-10,20:00:00,100.01,100.67,99.63,99.75,16699630,0
2014-09-10,21:00:00,99.75,100.09,99.469,99.89,9103022,0
2014-09-10,22:00:00,99.9,100.61,99.81,100.56,18626644,0
2014-09-11,16:00:00,99.98,100.41,99.68,100.08,9908046,0
2014-09-11,17:00:00,100.07,100.13,99.19,99.43,14462675,0
2014-09-11,18:00:00,99.439,99.71,99.299,99.51,8816937,0
2014-09-11,19:00:00,99.51,99.82,99.459,99.68,5245092,0
2014-09-11,20:00:00,99.67,99.77,99.28,99.449,5959851,0
2014-09-11,21:00:00,99.439,100.34,99.419,100.3,9591898,0
2014-09-11,22:00:00,100.3,101,100.3,100.99,18072986,0
2014-09-12,16:00:00,100.77,101.36,100.64,100.89,11245564,0
2014-09-12,17:00:00,100.89,101.25,100.72,101.2,10267710,0
2014-09-12,18:00:00,101.21,101.63,101.09,101.18,11252354,0
2014-09-12,19:00:00,101.18,101.75,101.05,101.53,8935525,0
2014-09-12,20:00:00,101.54,101.71,101.38,101.53,7267301,0
2014-09-12,21:00:00,101.52,101.7,101.04,101.14,9697435,0
2014-09-12,22:00:00,101.14,101.49,100.93,101.22,13040447,0
2014-09-15,16:00:00,102.37,102.61,101.2,101.48,16345151,0
2014-09-15,17:00:00,101.48,101.96,101.27,101.74,11497729,0
2014-09-15,18:00:00,101.73,102.22,101.53,101.59,11082118,0
2014-09-15,19:00:00,101.6,102.14,101.33,101.86,7122603,0
2014-09-15,20:00:00,101.86,101.92,101.16,101.24,8266627,0
2014-09-15,21:00:00,101.24,101.71,101.16,101.35,7355088,0
2014-09-15,22:00:00,101.35,101.56,101,101.19,9467951,0
2014-09-16,16:00:00,99.369,100.1,98.463,99.66,16483450,0
2014-09-16,17:00:00,99.66,99.97,99.13,99.16,15369165,0
2014-09-16,18:00:00,99.15,99.81,98.921,99.77,12268830,0
2014-09-16,19:00:00,99.76,99.88,99.62,99.73,6788793,0
2014-09-16,20:00:00,99.73,100.12,99.73,99.84,6716643,0
2014-09-16,21:00:00,99.83,100.55,99.83,100.43,6837451,0
2014-09-16,22:00:00,100.44,100.82,100.37,100.42,12177032,0
2014-09-17,16:00:00,100.83,101.25,100.66,100.94,8471405,0
2014-09-17,17:00:00,100.95,101.1,100.32,100.74,11544877,0
2014-09-17,18:00:00,100.74,100.88,100.57,100.63,6311056,0
2014-09-17,19:00:00,100.63,100.78,100.42,100.44,5900046,0
2014-09-17,20:00:00,100.44,100.81,100.32,100.75,6961432,0
2014-09-17,21:00:00,100.75,101.18,100.16,101.03,12290272,0
2014-09-17,22:00:00,101.04,101.36,100.83,101.14,12988468,0
2014-09-18,16:00:00,101.55,101.91,101.38,101.69,7830220,0
2014-09-18,17:00:00,101.69,101.78,101.43,101.64,8542870,0
2014-09-18,18:00:00,101.63,101.7,101.51,101.58,4507060,0
2014-09-18,19:00:00,101.59,101.66,101.52,101.58,3733877,0
2014-09-18,20:00:00,101.59,101.65,101.38,101.49,4441943,0
2014-09-18,21:00:00,101.49,101.63,101.43,101.47,4498325,0
2014-09-18,22:00:00,101.46,101.49,101.12,101.35,11324706,0
2014-09-19,16:00:00,101.79,101.91,101.28,101.47,8427421,0
2014-09-19,17:00:00,101.47,101.51,100.8,101.33,9910086,0
2014-09-19,18:00:00,101.33,101.52,100.96,101.19,6688174,0
2014-09-19,19:00:00,101.19,101.31,100.88,101.09,5654580,0
2014-09-19,20:00:00,101.1,101.41,101.02,101.33,5395755,0
2014-09-19,21:00:00,101.33,101.55,101.21,101.52,5588786,0
2014-09-19,22:00:00,101.52,101.6,100.46,100.52,18046054,0
2014-09-22,16:00:00,101.36,101.7,100.88,101.18,10787305,0
2014-09-22,17:00:00,101.16,101.2,100.33,100.54,12002388,0
2014-09-22,18:00:00,100.54,100.94,100.41,100.64,7462670,0
2014-09-22,19:00:00,100.64,100.75,100.41,100.59,5320077,0
2014-09-22,20:00:00,100.58,100.59,100.15,100.3,6189048,0
2014-09-22,21:00:00,100.31,100.65,100.25,100.59,6225666,0
2014-09-22,22:00:00,100.59,100.89,100.27,100.62,9557622,0
2014-09-23,16:00:00,100.17,101.56,100.11,101.44,9220615,0
2014-09-23,17:00:00,101.44,101.7,101.16,101.5,11758270,0
2014-09-23,18:00:00,101.51,101.95,101.3,101.8,9025742,0
2014-09-23,19:00:00,101.8,102.32,101.77,102.21,10064885,0
2014-09-23,20:00:00,102.21,102.34,101.94,102.03,8156108,0
2014-09-23,21:00:00,102.03,102.16,101.71,102.07,7793012,0
2014-09-23,22:00:00,102.07,102.5,101.99,102.2,15139052,0
2014-09-24,16:00:00,101.72,102.41,101.31,101.53,11059450,0
2014-09-24,17:00:00,101.53,101.65,100.76,101.28,13146685,0
2014-09-24,18:00:00,101.28,101.7,101.14,101.3,8818901,0
2014-09-24,19:00:00,101.3,101.56,101.17,101.3,5180832,0
2014-09-24,20:00:00,101.31,101.75,101.22,101.63,6981884,0
2014-09-24,21:00:00,101.64,101.71,100.91,101.14,9616336,0
2014-09-24,22:00:00,101.15,101.49,101.08,101.31,10799637,0
2014-09-25,16:00:00,100.08,100.28,98.672,99.041,19993940,0
2014-09-25,17:00:00,99.06,99.27,97.298,97.786,34084958,0
2014-09-25,18:00:00,97.786,98.423,97.637,98.134,16559636,0
2014-09-25,19:00:00,98.134,98.523,97.945,98.194,10253689,0
2014-09-25,20:00:00,98.199,98.433,97.856,98.025,9323168,0
2014-09-25,21:00:00,98.015,98.125,97.706,97.745,11101696,0
2014-09-25,22:00:00,97.741,98.045,97.438,97.447,17352677,0
2014-09-26,16:00:00,98.105,99.18,97.975,99.1,12208595,0
2014-09-26,17:00:00,99.11,99.56,99.001,99.289,13363466,0
2014-09-26,18:00:00,99.267,99.339,98.821,99.11,8501695,0
2014-09-26,19:00:00,99.105,99.429,99.09,99.369,5103371,0
2014-09-26,20:00:00,99.374,99.62,99.329,99.62,6092949,0
2014-09-26,21:00:00,99.61,100.16,99.61,100.03,10512303,0
2014-09-26,22:00:00,100.03,100.32,100,100.32,13109663,0
2014-09-29,16:00:00,98.224,99.021,98.224,98.772,9560612,0
2014-09-29,17:00:00,98.772,99.62,98.274,99.419,9337706,0
2014-09-29,18:00:00,99.4,99.97,99.314,99.7,8195889,0
2014-09-29,19:00:00,99.7,99.86,99.25,99.75,5544893,0
2014-09-29,20:00:00,99.75,99.97,99.62,99.82,4864893,0
2014-09-29,21:00:00,99.81,99.88,99.11,99.65,6718726,0
2014-09-29,22:00:00,99.65,100,98.274,99.68,9486851,0
2014-09-30,16:00:00,100.37,100.99,100.11,100.46,9225675,0
2014-09-30,17:00:00,100.45,100.95,100.1,100.87,9981515,0
2014-09-30,18:00:00,100.86,101.1,100.68,100.86,7821615,0
2014-09-30,19:00:00,100.85,100.87,100.28,100.55,6640695,0
2014-09-30,20:00:00,100.54,100.86,100.22,100.48,5545853,0
2014-09-30,21:00:00,100.47,100.53,100.1,100.46,5441505,0
2014-09-30,22:00:00,100.46,101.06,100.31,100.32,25464004,0
2014-10-01,16:00:00,100.15,100.26,99.334,99.419,7024683,0
2014-10-01,17:00:00,99.419,99.57,99.07,99.55,10044974,0
2014-10-01,18:00:00,99.55,99.87,99.24,99.419,6794001,0
2014-10-01,19:00:00,99.424,99.459,99.12,99.153,4503552,0
2014-10-01,20:00:00,99.16,99.26,98.473,98.533,8761960,0
2014-10-01,21:00:00,98.533,98.991,98.344,98.423,7599709,0
2014-10-01,22:00:00,98.423,99.021,98.274,98.752,15083645,0
2014-10-02,16:00:00,98.841,99.329,98.662,98.841,6219987,0
2014-10-02,17:00:00,98.832,98.931,98.184,98.224,9518900,0
2014-10-02,18:00:00,98.227,98.354,97.617,98.085,9765098,0
2014-10-02,19:00:00,98.085,99.021,98.055,98.961,6048786,0
2014-10-02,20:00:00,98.961,99.2,98.732,99.14,6415358,0
2014-10-02,21:00:00,99.14,99.56,99.12,99.489,6512380,0
2014-10-02,22:00:00,99.49,99.79,99.25,99.469,10121524,0
2014-10-03,16:00:00,98.991,99.389,98.612,99.25,9038304,0
2014-10-03,17:00:00,99.26,99.78,98.951,99.389,10231590,0
2014-10-03,18:00:00,99.379,99.439,98.981,99.11,4617134,0
2014-10-03,19:00:00,99.115,99.52,99.07,99.429,5058264,0
2014-10-03,20:00:00,99.429,99.55,99.36,99.394,5032290,0
2014-10-03,21:00:00,99.409,99.54,99.379,99.459,4144092,0
2014-10-03,22:00:00,99.459,99.56,99.13,99.19,10560205,0
2014-10-06,16:00:00,99.52,100.22,99.389,100.09,7017212,0
2014-10-06,17:00:00,100.09,100.2,99.52,99.74,8159622,0
2014-10-06,18:00:00,99.74,99.82,99.13,99.379,5747222,0
2014-10-06,19:00:00,99.374,99.57,99.1,99.24,4145800,0
2014-10-06,20:00:00,99.23,99.65,99.155,99.449,4105215,0
2014-10-06,21:00:00,99.459,99.56,99.218,99.339,4283518,0
2014-10-06,22:00:00,99.33,99.409,98.991,99.19,7722881,0
2014-10-07,16:00:00,99.001,99.66,98.961,99.54,6737031,0
2014-10-07,17:00:00,99.53,99.69,99.25,99.304,9377665,0
2014-10-07,18:00:00,99.309,99.399,98.732,99.21,6109400,0
2014-10-07,19:00:00,99.22,99.459,98.931,99.059,3909746,0
2014-10-07,20:00:00,99.06,99.19,98.851,99.133,3626593,0
2014-10-07,21:00:00,99.131,99.131,98.632,98.692,5095787,0
2014-10-07,22:00:00,98.692,98.802,98.304,98.324,9980587,0
2014-10-08,16:00:00,98.334,98.931,98.125,98.125,6779620,0
2014-10-08,17:00:00,98.134,98.682,97.985,98.075,8928430,0
2014-10-08,18:00:00,98.075,98.821,97.886,98.682,6669338,0
2014-10-08,19:00:00,98.692,98.851,98.573,98.762,5043606,0
2014-10-08,20:00:00,98.772,99.16,98.742,99.12,4753720,0
2014-10-08,21:00:00,99.12,100.25,99.115,100.22,16544674,0
2014-10-08,22:00:00,100.22,100.67,100.18,100.36,16430766,0
2014-10-09,16:00:00,101.1,101.53,100.84,101.32,11620887,0
2014-10-09,17:00:00,101.33,101.44,100.87,101.32,12096362,0
2014-10-09,18:00:00,101.33,101.94,101.08,101.27,16338267,0
2014-10-09,19:00:00,101.25,101.44,100.52,100.99,13080285,0
2014-10-09,20:00:00,100.99,101,100.18,100.37,10813181,0
2014-10-09,21:00:00,100.37,100.87,100.23,100.62,8944323,0
2014-10-09,22:00:00,100.62,101.17,100.57,100.58,70183353,0
2014-10-10,16:00:00,100.26,101.45,100.07,101.15,13577671,0
2014-10-10,17:00:00,101.15,101.26,99.87,101,16031582,0
2014-10-10,18:00:00,101,101.36,100.67,101,8981052,0
2014-10-10,19:00:00,101.01,101.49,101,101.29,8245234,0
2014-10-10,20:00:00,101.28,101.43,101,101.4,5827372,0
2014-10-10,21:00:00,101.39,101.59,101.11,101.25,7634759,0
2014-10-10,22:00:00,101.26,101.33,100.3,100.3,17148834,0
2014-10-13,16:00:00,100.89,101.34,100.45,100.72,7985199,0
2014-10-13,17:00:00,100.72,100.93,99.399,100.18,12970124,0
2014-10-13,18:00:00,100.18,100.89,99.88,100.44,8135078,0
2014-10-13,19:00:00,100.44,101.15,100.29,100.91,5821083,0
2014-10-13,20:00:00,100.91,101.02,100.38,100.73,4806299,0
2014-10-13,21:00:00,100.72,101,100.44,100.49,5133968,0
2014-10-13,22:00:00,100.49,100.65,99.379,99.379,15396789,0
2014-10-14,16:00:00,99.96,100.09,98.752,98.971,10259781,0
2014-10-14,17:00:00,98.981,99.82,98.463,99.56,14250396,0
2014-10-14,18:00:00,99.55,99.98,98.981,99.78,6831821,0
2014-10-14,19:00:00,99.78,100.03,99.369,99.429,6207126,0
2014-10-14,20:00:00,99.434,99.469,98.523,98.702,7953549,0
2014-10-14,21:00:00,98.692,99.13,98.383,98.792,8072420,0
2014-10-14,22:00:00,98.782,99.68,98.144,98.324,14576675,0
2014-10-15,16:00:00,97.547,98.503,97.378,97.876,12516759,0
2014-10-15,17:00:00,97.876,98.722,97.647,98.055,13340314,0
2014-10-15,18:00:00,98.055,98.363,97.238,97.736,10177956,0
2014-10-15,19:00:00,97.729,97.746,94.769,95.586,21756270,0
2014-10-15,20:00:00,95.586,96.442,94.839,95.751,21149661,0
2014-10-15,21:00:00,95.745,97.617,95.436,96.691,14632653,0
2014-10-15,22:00:00,96.696,97.637,96.213,97.119,18547241,0
2014-10-16,16:00:00,95.137,96.332,95.008,95.919,10296895,0
2014-10-16,17:00:00,95.934,96.571,94.998,96.148,15418949,0
2014-10-16,18:00:00,96.153,96.91,95.675,95.944,11457825,0
2014-10-16,19:00:00,95.944,96.681,95.834,96.582,7285644,0
2014-10-16,20:00:00,96.581,97.298,96.322,96.462,12477697,0
2014-10-16,21:00:00,96.462,96.731,95.466,95.486,9430993,0
2014-10-16,22:00:00,95.486,96.377,95.386,95.844,11674218,0
2014-10-17,16:00:00,97.089,97.328,96.392,96.97,9735056,0
2014-10-17,17:00:00,96.96,97.617,96.92,97.567,10907556,0
2014-10-17,18:00:00,97.557,98.573,97.487,98.314,10771934,0
2014-10-17,19:00:00,98.304,98.403,97.527,97.711,9031239,0
2014-10-17,20:00:00,97.706,97.915,97.477,97.726,6342741,0
2014-10-17,21:00:00,97.716,97.721,97.238,97.408,6906950,0
2014-10-17,22:00:00,97.408,97.617,97.079,97.248,11944977,0
2014-10-20,16:00:00,97.945,98.851,97.876,98.502,11316285,0
2014-10-20,17:00:00,98.513,99.15,98.493,99.06,12384494,0
2014-10-20,18:00:00,99.06,99.25,98.732,98.891,9117702,0
2014-10-20,19:00:00,98.898,99.07,98.632,98.807,6994729,0
2014-10-20,20:00:00,98.802,99.011,98.632,98.886,6659931,0
2014-10-20,21:00:00,98.896,99.19,98.812,99.115,8847437,0
2014-10-20,22:00:00,99.11,99.53,99.06,99.329,19546921,0
2014-10-21,16:00:00,102.58,102.58,101.09,101.6,23325051,0
2014-10-21,17:00:00,101.62,101.68,100.83,101.63,20934506,0
2014-10-21,18:00:00,101.63,101.97,101.32,101.54,13415638,0
2014-10-21,19:00:00,101.53,101.67,101.39,101.58,7441625,0
2014-10-21,20:00:00,101.57,102,101.55,101.8,8872741,0
2014-10-21,21:00:00,101.79,101.99,101.59,101.97,8024314,0
2014-10-21,22:00:00,101.96,102.05,101.68,102.03,14231615,0
2014-10-22,16:00:00,102.4,102.99,102.16,102.94,12903458,0
2014-10-22,17:00:00,102.94,102.98,102.39,102.92,11436141,0
2014-10-22,18:00:00,102.91,103.66,102.78,103.3,16943422,0
2014-10-22,19:00:00,103.3,103.5,102.46,102.91,10458869,0
2014-10-22,20:00:00,102.91,103.2,102.68,103.03,6595253,0
2014-10-22,21:00:00,103.03,103.15,102.74,103.12,5867954,0
2014-10-22,22:00:00,103.12,103.15,102.51,102.55,9851161,0
2014-10-23,16:00:00,103.63,103.7,103.18,103.59,7604558,0
2014-10-23,17:00:00,103.59,104.6,103.55,104.52,22060933,0
2014-10-23,18:00:00,104.52,104.55,104.15,104.47,10644641,0
2014-10-23,19:00:00,104.47,104.55,104.37,104.46,6033221,0
2014-10-23,20:00:00,104.46,104.55,104.37,104.54,5504197,0
2014-10-23,21:00:00,104.53,104.58,104.13,104.33,8033358,0
2014-10-23,22:00:00,104.33,104.48,104.11,104.38,15828165,0
2014-10-24,16:00:00,104.73,105.03,104.11,104.18,9372731,0
2014-10-24,17:00:00,104.18,104.64,104.08,104.48,8712529,0
2014-10-24,18:00:00,104.48,104.63,104.15,104.58,6498710,0
2014-10-24,19:00:00,104.57,104.59,104.35,104.36,4026862,0
2014-10-24,20:00:00,104.36,104.54,104.3,104.49,3902650,0
2014-10-24,21:00:00,104.49,104.56,104.32,104.51,4460029,0
2014-10-24,22:00:00,104.51,104.82,104.43,104.77,11719840,0
2014-10-27,15:00:00,104.4,104.9,104.26,104.36,7095173,0
2014-10-27,16:00:00,104.37,105.02,104.25,104.93,7546031,0
2014-10-27,17:00:00,104.93,104.98,104.56,104.71,4830869,0
2014-10-27,18:00:00,104.71,104.86,104.57,104.74,4621401,0
2014-10-27,19:00:00,104.75,104.91,104.58,104.62,4247239,0
2014-10-27,20:00:00,104.62,104.8,104.52,104.67,4643531,0
2014-10-27,21:00:00,104.67,104.84,104.58,104.66,5903363,0
2014-10-28,15:00:00,104.94,105.71,104.9,105.63,8803539,0
2014-10-28,16:00:00,105.63,105.84,105.4,105.82,8701389,0
2014-10-28,17:00:00,105.84,105.91,105.72,105.78,5704322,0
2014-10-28,18:00:00,105.78,106,105.75,105.97,4187378,0
2014-10-28,19:00:00,105.97,106.17,105.96,106.12,5112325,0
2014-10-28,20:00:00,106.12,106.17,105.96,106.09,5193385,0
2014-10-28,21:00:00,106.09,106.28,106,106.28,1244722118,0
2014-10-29,15:00:00,106.19,106.77,106.19,106.43,6611419,0
2014-10-29,16:00:00,106.43,106.73,106.3,106.7,7312941,0
2014-10-29,17:00:00,106.71,106.88,106.57,106.69,5496763,0
2014-10-29,18:00:00,106.68,106.7,106.05,106.16,5574081,0
2014-10-29,19:00:00,106.17,106.47,106.12,106.42,4017378,0
2014-10-29,20:00:00,106.42,106.8,105.9,106.75,8550236,0
2014-10-29,21:00:00,106.75,106.91,106.46,106.88,117005792,0
2014-10-30,15:00:00,106.5,106.83,106.38,106.5,4838170,0
2014-10-30,16:00:00,106.5,106.56,105.44,105.82,10201771,0
2014-10-30,17:00:00,105.82,106.11,105.79,105.99,5283100,0
2014-10-30,18:00:00,106,106.57,105.94,106.56,4801778,0
2014-10-30,19:00:00,106.55,106.89,106.37,106.7,4944299,0
2014-10-30,20:00:00,106.7,106.74,106.08,106.16,4494101,0
2014-10-30,21:00:00,106.16,106.52,106.04,106.52,6455860,0
2014-10-31,15:00:00,107.54,107.57,107.08,107.24,7047278,0
2014-10-31,16:00:00,107.25,107.3,106.75,107.06,8747891,0
2014-10-31,17:00:00,107.06,107.27,106.99,107.15,5253801,0
2014-10-31,18:00:00,107.15,107.17,106.96,107.09,3574637,0
2014-10-31,19:00:00,107.09,107.21,107.07,107.15,3257909,0
2014-10-31,20:00:00,107.15,107.27,107.13,107.22,4962161,0
2014-10-31,21:00:00,107.23,107.53,107.19,107.53,10935443,0
2014-11-03,16:00:00,107.75,108.6,107.54,108.57,10034512,0
2014-11-03,17:00:00,108.57,109.27,108.45,109.25,12098415,0
2014-11-03,18:00:00,109.25,109.43,107.61,109.13,11111841,0
2014-11-03,19:00:00,109.13,109.37,109.05,109.27,4822863,0
2014-11-03,20:00:00,109.28,109.35,109.09,109.09,4346667,0
2014-11-03,21:00:00,109.1,109.19,108.46,108.59,7490603,0
2014-11-03,22:00:00,108.59,108.94,108.54,108.93,5861862,0
2014-11-04,16:00:00,108.89,109.01,108.23,108.43,2201912,0
2014-11-04,18:00:00,107.73,107.84,107.45,107.61,1508185,0
2014-11-04,19:00:00,107.94,108.43,107.89,108.18,3504426,0
2014-11-04,20:00:00,108.19,108.47,108.06,108.45,4391058,0
2014-11-04,21:00:00,108.45,108.49,108.23,108.45,4232583,0
2014-11-04,22:00:00,108.46,108.48,108.12,108.13,5516284,0
2014-11-05,16:00:00,108.63,108.8,107.66,108.09,6919690,0
2014-11-05,17:00:00,108.07,108.59,107.89,108.47,7501439,0
2014-11-05,18:00:00,108.47,108.61,108.31,108.49,3985497,0
2014-11-05,19:00:00,108.49,108.54,108.33,108.45,2924398,0
2014-11-05,20:00:00,108.46,108.47,107.99,108.14,4483802,0
2014-11-05,21:00:00,108.14,108.53,108.12,108.34,4200897,0
2014-11-05,22:00:00,108.34,108.45,108.25,108.39,7194727,0
2014-11-06,16:00:00,108.52,108.65,108.06,108.27,6737090,0
2014-11-06,17:00:00,108.26,108.49,107.8,108.474,6699718,0
2014-11-06,18:00:00,108.471,108.65,108.36,108.49,5021594,0
2014-11-06,19:00:00,108.48,108.57,108.21,108.22,3184484,0
2014-11-06,20:00:00,108.23,108.52,108.2,108.4601,3573296,0
2014-11-06,21:00:00,108.47,108.47,108.32,108.34,2806633,0
2014-11-06,22:00:00,108.3429,108.79,108.22,108.7,32646811,0
2014-11-07,16:00:00,108.75,109.31,108.55,109.293,6270405,0
2014-11-07,17:00:00,109.29,109.32,108.61,108.9765,7071389,0
2014-11-07,18:00:00,108.98,108.98,108.7,108.807,3598061,0
2014-11-07,19:00:00,108.8,108.89,108.73,108.82,2414164,0
2014-11-07,20:00:00,108.82,109.09,108.78,108.99,3375100,0
2014-11-07,21:00:00,108.99,109.03,108.85,108.945,2726277,0
2014-11-07,22:00:00,108.94,109.01,108.81,109.01,6101370,0
2014-11-10,16:00:00,109.02,109.24,108.9,109.01,4619294,0
2014-11-10,17:00:00,109.02,109.33,108.91,109.155,6393765,0
2014-11-10,18:00:00,109.16,109.19,108.68,108.885,4972766,0
2014-11-10,19:00:00,108.8835,109.09,108.865,108.99,3093825,0
2014-11-10,20:00:00,108.99,109.02,108.9,108.96,2281015,0
2014-11-10,21:00:00,108.96,109.055,108.92,109.035,2910141,0
2014-11-10,22:00:00,109.03,109.14,108.67,108.83,21620338,0
