Date,Time,Open,High,Low,Close,Volume,OpenInt
2014-08-12,01:00:00,1.33842,1.33859,1.33828,1.33846,0,0
2014-08-12,02:00:00,1.33847,1.33847,1.33808,1.33819,0,0
2014-08-12,03:00:00,1.33819,1.33827,1.33746,1.33779,0,0
2014-08-12,04:00:00,1.33779,1.33783,1.33672,1.33714,0,0
2014-08-12,05:00:00,1.33718,1.33751,1.33692,1.33692,0,0
2014-08-12,06:00:00,1.33693,1.33737,1.33693,1.33719,0,0
2014-08-12,07:00:00,1.33722,1.33762,1.33711,1.33726,0,0
2014-08-12,08:00:00,1.33726,1.33753,1.33678,1.33697,0,0
2014-08-12,09:00:00,1.33698,1.33719,1.33607,1.3362,0,0
2014-08-12,10:00:00,1.3362,1.33702,1.33614,1.33668,0,0
2014-08-12,11:00:00,1.33668,1.33669,1.33546,1.33546,0,0
2014-08-12,12:00:00,1.33546,1.33551,1.33393,1.33423,0,0
2014-08-12,13:00:00,1.33424,1.33431,1.33358,1.33394,0,0
2014-08-12,14:00:00,1.33395,1.33484,1.33395,1.33418,0,0
2014-08-12,15:00:00,1.33416,1.33539,1.33409,1.33516,0,0
2014-08-12,16:00:00,1.33516,1.33609,1.33486,1.33588,0,0
2014-08-12,17:00:00,1.33587,1.33589,1.33442,1.33571,0,0
2014-08-12,18:00:00,1.33575,1.33607,1.33536,1.33561,0,0
2014-08-12,19:00:00,1.33561,1.33614,1.33549,1.3359,0,0
2014-08-12,20:00:00,1.33591,1.3367,1.33584,1.3367,0,0
2014-08-12,21:00:00,1.3367,1.33692,1.33636,1.33671,0,0
2014-08-12,22:00:00,1.33671,1.33679,1.33656,1.33666,0,0
2014-08-12,23:00:00,1.33666,1.33687,1.33658,1.33684,0,0
2014-08-12,23:59:00,1.33684,1.33689,1.33658,1.3367,0,0
2014-08-13,01:00:00,1.33667,1.33693,1.33665,1.33673,0,0
2014-08-13,02:00:00,1.33673,1.33685,1.3364,1.33641,0,0
2014-08-13,03:00:00,1.33641,1.33674,1.33632,1.33655,0,0
2014-08-13,04:00:00,1.33655,1.33673,1.33634,1.33639,0,0
2014-08-13,05:00:00,1.33638,1.33644,1.33597,1.33643,0,0
2014-08-13,06:00:00,1.33643,1.33664,1.33631,1.3365,0,0
2014-08-13,07:00:00,1.3365,1.33663,1.33635,1.33638,0,0
2014-08-13,08:00:00,1.33638,1.33652,1.33613,1.3362,0,0
2014-08-13,09:00:00,1.3362,1.33726,1.33619,1.33685,0,0
2014-08-13,10:00:00,1.33685,1.33685,1.33489,1.33516,0,0
2014-08-13,11:00:00,1.33518,1.33561,1.33475,1.33495,0,0
2014-08-13,12:00:00,1.33499,1.33633,1.33424,1.33571,0,0
2014-08-13,13:00:00,1.33571,1.33579,1.33506,1.33561,0,0
2014-08-13,14:00:00,1.33562,1.33659,1.33554,1.33636,0,0
2014-08-13,15:00:00,1.33635,1.34145,1.3358,1.34107,0,0
2014-08-13,16:00:00,1.34109,1.34136,1.33845,1.33897,0,0
2014-08-13,17:00:00,1.33895,1.33916,1.33732,1.33798,0,0
2014-08-13,18:00:00,1.33797,1.33812,1.33553,1.33667,0,0
2014-08-13,19:00:00,1.33667,1.33716,1.33614,1.33709,0,0
2014-08-13,20:00:00,1.33709,1.33728,1.33665,1.3367,0,0
2014-08-13,21:00:00,1.3367,1.33707,1.33664,1.33683,0,0
2014-08-13,22:00:00,1.33685,1.33685,1.33622,1.33626,0,0
2014-08-13,23:00:00,1.33626,1.33672,1.33625,1.33642,0,0
2014-08-13,23:59:00,1.33642,1.33656,1.33618,1.33632,0,0
2014-08-14,01:00:00,1.3363,1.33659,1.33614,1.33647,0,0
2014-08-14,02:00:00,1.33647,1.33663,1.33617,1.33651,0,0
2014-08-14,03:00:00,1.33651,1.33664,1.33606,1.33606,0,0
2014-08-14,04:00:00,1.33607,1.33612,1.33554,1.33577,0,0
2014-08-14,05:00:00,1.33577,1.3361,1.33566,1.33588,0,0
2014-08-14,06:00:00,1.33588,1.33626,1.33576,1.33612,0,0
2014-08-14,07:00:00,1.33611,1.33648,1.33597,1.33648,0,0
2014-08-14,08:00:00,1.33648,1.33675,1.3356,1.33578,0,0
2014-08-14,09:00:00,1.33577,1.33662,1.33475,1.336,0,0
2014-08-14,10:00:00,1.336,1.33693,1.33588,1.33598,0,0
2014-08-14,11:00:00,1.33596,1.33665,1.33548,1.33623,0,0
2014-08-14,12:00:00,1.33614,1.33957,1.33566,1.33804,0,0
2014-08-14,13:00:00,1.33804,1.33806,1.33714,1.33759,0,0
2014-08-14,14:00:00,1.33742,1.33847,1.33725,1.33745,0,0
2014-08-14,15:00:00,1.33745,1.34032,1.33719,1.33962,0,0
2014-08-14,16:00:00,1.33962,1.34073,1.33871,1.34025,0,0
2014-08-14,17:00:00,1.34027,1.34028,1.33788,1.33806,0,0
2014-08-14,18:00:00,1.33806,1.3382,1.33728,1.33754,0,0
2014-08-14,19:00:00,1.33755,1.33763,1.33679,1.33685,0,0
2014-08-14,20:00:00,1.33685,1.33701,1.33633,1.33649,0,0
2014-08-14,21:00:00,1.33649,1.33669,1.33605,1.3366,0,0
2014-08-14,22:00:00,1.33663,1.3369,1.33661,1.33684,0,0
2014-08-14,23:00:00,1.33684,1.33693,1.33641,1.33645,0,0
2014-08-14,23:59:00,1.33645,1.33674,1.33634,1.33637,0,0
2014-08-15,01:00:00,1.3364,1.3364,1.33599,1.33635,0,0
2014-08-15,02:00:00,1.33635,1.33638,1.33596,1.33611,0,0
2014-08-15,03:00:00,1.3361,1.33647,1.33597,1.33613,0,0
2014-08-15,04:00:00,1.33608,1.3363,1.33595,1.33612,0,0
2014-08-15,05:00:00,1.33612,1.33616,1.33586,1.3361,0,0
2014-08-15,06:00:00,1.3361,1.33639,1.33603,1.33632,0,0
2014-08-15,07:00:00,1.33632,1.33676,1.33629,1.33657,0,0
2014-08-15,08:00:00,1.33656,1.33679,1.33633,1.33679,0,0
2014-08-15,09:00:00,1.33679,1.33691,1.33598,1.33672,0,0
2014-08-15,10:00:00,1.33673,1.33774,1.3365,1.33769,0,0
2014-08-15,11:00:00,1.33766,1.33912,1.33733,1.33831,0,0
2014-08-15,12:00:00,1.33828,1.33847,1.33611,1.33618,0,0
2014-08-15,13:00:00,1.33618,1.33777,1.33616,1.33756,0,0
2014-08-15,14:00:00,1.33757,1.33906,1.33738,1.33895,0,0
2014-08-15,15:00:00,1.33895,1.34042,1.33761,1.33971,0,0
2014-08-15,16:00:00,1.33969,1.34012,1.33843,1.33919,0,0
2014-08-15,17:00:00,1.33921,1.34113,1.33777,1.33828,0,0
2014-08-15,18:00:00,1.33824,1.33992,1.33804,1.33904,0,0
2014-08-15,19:00:00,1.33905,1.33941,1.33805,1.3386,0,0
2014-08-15,20:00:00,1.3386,1.33953,1.33827,1.33915,0,0
2014-08-15,21:00:00,1.33915,1.33984,1.3389,1.33974,0,0
2014-08-15,22:00:00,1.3397,1.33977,1.33906,1.33971,0,0
2014-08-15,23:00:00,1.33974,1.33974,1.33974,1.33974,0,0
2014-08-18,01:00:00,1.33916,1.33946,1.33883,1.33893,0,0
2014-08-18,02:00:00,1.33893,1.33918,1.33872,1.33893,0,0
2014-08-18,03:00:00,1.33892,1.33925,1.33874,1.33895,0,0
2014-08-18,04:00:00,1.33895,1.33955,1.33883,1.33941,0,0
2014-08-18,05:00:00,1.3394,1.33968,1.33923,1.33966,0,0
2014-08-18,06:00:00,1.33966,1.33984,1.33948,1.33952,0,0
2014-08-18,07:00:00,1.33953,1.33977,1.33941,1.33974,0,0
2014-08-18,08:00:00,1.33974,1.33977,1.33907,1.3391,0,0
2014-08-18,09:00:00,1.33912,1.33931,1.33834,1.33851,0,0
2014-08-18,10:00:00,1.33851,1.33885,1.33809,1.33855,0,0
2014-08-18,11:00:00,1.33857,1.33887,1.33828,1.33855,0,0
2014-08-18,12:00:00,1.33849,1.33936,1.33847,1.33926,0,0
2014-08-18,13:00:00,1.33924,1.33944,1.33852,1.33887,0,0
2014-08-18,14:00:00,1.33891,1.33923,1.33875,1.33876,0,0
2014-08-18,15:00:00,1.33878,1.33882,1.33794,1.33839,0,0
2014-08-18,16:00:00,1.33839,1.3386,1.33646,1.33659,0,0
2014-08-18,17:00:00,1.33661,1.33699,1.33594,1.33629,0,0
2014-08-18,18:00:00,1.3363,1.33653,1.33528,1.33576,0,0
2014-08-18,19:00:00,1.33576,1.33621,1.33555,1.33614,0,0
2014-08-18,20:00:00,1.3362,1.3366,1.33596,1.33659,0,0
2014-08-18,21:00:00,1.33659,1.33659,1.33597,1.33597,0,0
2014-08-18,22:00:00,1.33603,1.33643,1.33598,1.33625,0,0
2014-08-18,23:00:00,1.33625,1.33639,1.33604,1.33627,0,0
2014-08-18,23:59:00,1.33627,1.33631,1.33606,1.33614,0,0
2014-08-19,01:00:00,1.33614,1.33631,1.33599,1.33601,0,0
2014-08-19,02:00:00,1.33601,1.33622,1.33596,1.33598,0,0
2014-08-19,03:00:00,1.336,1.33603,1.33528,1.33554,0,0
2014-08-19,04:00:00,1.33554,1.33591,1.33549,1.33586,0,0
2014-08-19,05:00:00,1.33586,1.33586,1.33547,1.33563,0,0
2014-08-19,06:00:00,1.33563,1.33578,1.33549,1.33576,0,0
2014-08-19,07:00:00,1.33578,1.33585,1.33556,1.33571,0,0
2014-08-19,08:00:00,1.33571,1.33582,1.33554,1.33555,0,0
2014-08-19,09:00:00,1.33553,1.3356,1.33427,1.33471,0,0
2014-08-19,10:00:00,1.33471,1.33573,1.33464,1.33496,0,0
2014-08-19,11:00:00,1.33497,1.33552,1.33438,1.33541,0,0
2014-08-19,12:00:00,1.33539,1.33549,1.33444,1.33461,0,0
2014-08-19,13:00:00,1.33461,1.33521,1.33452,1.33476,0,0
2014-08-19,14:00:00,1.33475,1.33509,1.33407,1.33488,0,0
2014-08-19,15:00:00,1.33486,1.33556,1.33186,1.33247,0,0
2014-08-19,16:00:00,1.33243,1.33278,1.3314,1.33149,0,0
2014-08-19,17:00:00,1.33149,1.33243,1.33132,1.33185,0,0
2014-08-19,18:00:00,1.33185,1.33214,1.3313,1.33192,0,0
2014-08-19,19:00:00,1.33193,1.33207,1.33162,1.33176,0,0
2014-08-19,20:00:00,1.33177,1.33218,1.33157,1.33172,0,0
2014-08-19,21:00:00,1.33172,1.33215,1.3316,1.33179,0,0
2014-08-19,22:00:00,1.3318,1.33209,1.33173,1.33207,0,0
2014-08-19,23:00:00,1.33207,1.33226,1.33189,1.33192,0,0
2014-08-19,23:59:00,1.33189,1.33222,1.33171,1.33179,0,0
2014-08-20,01:00:00,1.33177,1.33206,1.33176,1.33201,0,0
2014-08-20,02:00:00,1.332,1.33234,1.33177,1.33198,0,0
2014-08-20,03:00:00,1.33198,1.33211,1.3317,1.33172,0,0
2014-08-20,04:00:00,1.33174,1.33205,1.33148,1.33153,0,0
2014-08-20,05:00:00,1.33153,1.33161,1.33085,1.33093,0,0
2014-08-20,06:00:00,1.33093,1.33121,1.33025,1.33054,0,0
2014-08-20,07:00:00,1.33055,1.3309,1.33046,1.33053,0,0
2014-08-20,08:00:00,1.33051,1.33069,1.33002,1.33003,0,0
2014-08-20,09:00:00,1.33007,1.33077,1.33002,1.33074,0,0
2014-08-20,10:00:00,1.33075,1.33076,1.32852,1.32931,0,0
2014-08-20,11:00:00,1.32933,1.33037,1.32873,1.32935,0,0
2014-08-20,12:00:00,1.32935,1.32949,1.32833,1.32836,0,0
2014-08-20,13:00:00,1.32836,1.32858,1.32748,1.32776,0,0
2014-08-20,14:00:00,1.32783,1.32853,1.32771,1.32853,0,0
2014-08-20,15:00:00,1.32853,1.32926,1.32825,1.3284,0,0
2014-08-20,16:00:00,1.3284,1.32931,1.32817,1.32877,0,0
2014-08-20,17:00:00,1.32878,1.32905,1.32844,1.32865,0,0
2014-08-20,18:00:00,1.32865,1.32967,1.32824,1.32834,0,0
2014-08-20,19:00:00,1.32834,1.32915,1.32808,1.32896,0,0
2014-08-20,20:00:00,1.32895,1.32922,1.32856,1.32893,0,0
2014-08-20,21:00:00,1.32885,1.32885,1.32553,1.32613,0,0
2014-08-20,22:00:00,1.32609,1.32684,1.32553,1.32607,0,0
2014-08-20,23:00:00,1.3261,1.32653,1.32586,1.32588,0,0
2014-08-20,23:59:00,1.32588,1.32601,1.32563,1.3257,0,0
2014-08-21,01:00:00,1.32565,1.32594,1.32562,1.32587,0,0
2014-08-21,02:00:00,1.32589,1.32602,1.32577,1.32584,0,0
2014-08-21,03:00:00,1.32585,1.32602,1.32544,1.32547,0,0
2014-08-21,04:00:00,1.32547,1.32578,1.32414,1.32485,0,0
2014-08-21,05:00:00,1.32485,1.32511,1.32448,1.3247,0,0
2014-08-21,06:00:00,1.32471,1.32502,1.32438,1.32444,0,0
2014-08-21,07:00:00,1.32444,1.3249,1.32422,1.3244,0,0
2014-08-21,08:00:00,1.3244,1.32493,1.32435,1.32484,0,0
2014-08-21,09:00:00,1.32484,1.32644,1.32462,1.32615,0,0
2014-08-21,10:00:00,1.32615,1.32775,1.32565,1.32739,0,0
2014-08-21,11:00:00,1.32739,1.32746,1.32624,1.32697,0,0
2014-08-21,12:00:00,1.32702,1.32707,1.32638,1.32656,0,0
2014-08-21,13:00:00,1.32655,1.32669,1.32602,1.32605,0,0
2014-08-21,14:00:00,1.32605,1.3267,1.32576,1.32641,0,0
2014-08-21,15:00:00,1.32643,1.32698,1.32556,1.32617,0,0
2014-08-21,16:00:00,1.32616,1.32739,1.32616,1.32673,0,0
2014-08-21,17:00:00,1.32673,1.32861,1.32611,1.32837,0,0
2014-08-21,18:00:00,1.32837,1.32884,1.32785,1.32839,0,0
2014-08-21,19:00:00,1.32847,1.32853,1.32768,1.32775,0,0
2014-08-21,20:00:00,1.32782,1.32813,1.32733,1.32811,0,0
2014-08-21,21:00:00,1.32808,1.32824,1.32768,1.32801,0,0
2014-08-21,22:00:00,1.32801,1.32829,1.32787,1.32805,0,0
2014-08-21,23:00:00,1.32805,1.32824,1.32792,1.32802,0,0
2014-08-21,23:59:00,1.328,1.32824,1.32792,1.32819,0,0
2014-08-22,01:00:00,1.32817,1.32817,1.3279,1.32796,0,0
2014-08-22,02:00:00,1.32796,1.32802,1.32773,1.32777,0,0
2014-08-22,03:00:00,1.32777,1.32777,1.32735,1.32758,0,0
2014-08-22,04:00:00,1.32757,1.32781,1.32752,1.32767,0,0
2014-08-22,05:00:00,1.32767,1.32814,1.32757,1.32804,0,0
2014-08-22,06:00:00,1.32804,1.32851,1.32804,1.32851,0,0
2014-08-22,07:00:00,1.32851,1.32875,1.32833,1.32872,0,0
2014-08-22,08:00:00,1.32871,1.32918,1.32848,1.32891,0,0
2014-08-22,09:00:00,1.32889,1.32959,1.32879,1.32911,0,0
2014-08-22,10:00:00,1.32909,1.32917,1.32754,1.32866,0,0
2014-08-22,11:00:00,1.32866,1.32925,1.32818,1.32828,0,0
2014-08-22,12:00:00,1.32829,1.32829,1.32704,1.32763,0,0
2014-08-22,13:00:00,1.32761,1.32772,1.32635,1.32706,0,0
2014-08-22,14:00:00,1.32707,1.32725,1.32621,1.32642,0,0
2014-08-22,15:00:00,1.32642,1.32733,1.32576,1.32706,0,0
2014-08-22,16:00:00,1.32706,1.32762,1.32638,1.32672,0,0
2014-08-22,17:00:00,1.32673,1.32842,1.32207,1.32315,0,0
2014-08-22,18:00:00,1.32305,1.32431,1.32231,1.32364,0,0
2014-08-22,19:00:00,1.32364,1.32426,1.32357,1.32392,0,0
2014-08-22,20:00:00,1.32392,1.32409,1.32368,1.32378,0,0
2014-08-22,21:00:00,1.32377,1.32609,1.32255,1.32416,0,0
2014-08-22,22:00:00,1.32416,1.32487,1.32413,1.32429,0,0
2014-08-22,23:00:00,1.32429,1.32429,1.32429,1.32429,0,0
2014-08-25,01:00:00,1.31909,1.32001,1.3189,1.3191,0,0
2014-08-25,02:00:00,1.31912,1.31995,1.31911,1.31969,0,0
2014-08-25,03:00:00,1.31969,1.32054,1.31964,1.32014,0,0
2014-08-25,04:00:00,1.32014,1.32017,1.31961,1.31993,0,0
2014-08-25,05:00:00,1.31991,1.32045,1.31991,1.32033,0,0
2014-08-25,06:00:00,1.32031,1.32044,1.3201,1.32042,0,0
2014-08-25,07:00:00,1.32042,1.32061,1.32025,1.32061,0,0
2014-08-25,08:00:00,1.32062,1.32077,1.3203,1.3204,0,0
2014-08-25,09:00:00,1.3204,1.32075,1.31887,1.31967,0,0
2014-08-25,10:00:00,1.31963,1.31977,1.3186,1.31893,0,0
2014-08-25,11:00:00,1.31882,1.31998,1.31836,1.31997,0,0
2014-08-25,12:00:00,1.31996,1.32033,1.31948,1.32026,0,0
2014-08-25,13:00:00,1.32025,1.32026,1.31976,1.31997,0,0
2014-08-25,14:00:00,1.31997,1.31999,1.31936,1.31986,0,0
2014-08-25,15:00:00,1.31986,1.32102,1.31907,1.31939,0,0
2014-08-25,16:00:00,1.3194,1.32012,1.31892,1.31956,0,0
2014-08-25,17:00:00,1.31956,1.32057,1.31954,1.31973,0,0
2014-08-25,18:00:00,1.31973,1.3205,1.31967,1.3205,0,0
2014-08-25,19:00:00,1.3205,1.3205,1.31972,1.31973,0,0
2014-08-25,20:00:00,1.31973,1.31982,1.31924,1.31931,0,0
2014-08-25,21:00:00,1.31931,1.31953,1.31921,1.31927,0,0
2014-08-25,22:00:00,1.31924,1.3195,1.31919,1.31937,0,0
2014-08-25,23:00:00,1.31939,1.31965,1.31913,1.31919,0,0
2014-08-25,23:59:00,1.31918,1.31936,1.31905,1.31905,0,0
2014-08-26,01:00:00,1.31905,1.31918,1.31842,1.31871,0,0
2014-08-26,02:00:00,1.31871,1.31871,1.31782,1.31855,0,0
2014-08-26,03:00:00,1.31855,1.319,1.31846,1.3188,0,0
2014-08-26,04:00:00,1.31885,1.32001,1.31883,1.31984,0,0
2014-08-26,05:00:00,1.31984,1.32031,1.31961,1.3203,0,0
2014-08-26,06:00:00,1.3203,1.32069,1.32018,1.32024,0,0
2014-08-26,07:00:00,1.32024,1.32049,1.32005,1.32024,0,0
2014-08-26,08:00:00,1.32023,1.32036,1.3199,1.32031,0,0
2014-08-26,09:00:00,1.32031,1.32147,1.32026,1.32086,0,0
2014-08-26,10:00:00,1.32086,1.32088,1.31911,1.31926,0,0
2014-08-26,11:00:00,1.31926,1.32006,1.31894,1.31923,0,0
2014-08-26,12:00:00,1.31923,1.32046,1.31922,1.32046,0,0
2014-08-26,13:00:00,1.32044,1.32087,1.31971,1.31978,0,0
2014-08-26,14:00:00,1.31979,1.31998,1.31891,1.3192,0,0
2014-08-26,15:00:00,1.3192,1.32009,1.31859,1.31992,0,0
2014-08-26,16:00:00,1.31992,1.32054,1.31933,1.31975,0,0
2014-08-26,17:00:00,1.31977,1.32079,1.31919,1.32023,0,0
2014-08-26,18:00:00,1.32027,1.3203,1.31866,1.31887,0,0
2014-08-26,19:00:00,1.31887,1.31971,1.3188,1.319,0,0
2014-08-26,20:00:00,1.319,1.3191,1.3164,1.31678,0,0
2014-08-26,21:00:00,1.31678,1.31741,1.31666,1.3172,0,0
2014-08-26,22:00:00,1.3172,1.31773,1.31692,1.317,0,0
2014-08-26,23:00:00,1.31704,1.31716,1.31659,1.31665,0,0
2014-08-26,23:59:00,1.31665,1.31707,1.31665,1.31685,0,0
2014-08-27,01:00:00,1.31687,1.31691,1.31657,1.31677,0,0
2014-08-27,02:00:00,1.31678,1.31702,1.31671,1.31685,0,0
2014-08-27,03:00:00,1.31694,1.31698,1.3152,1.31594,0,0
2014-08-27,04:00:00,1.31594,1.31635,1.31579,1.31627,0,0
2014-08-27,05:00:00,1.31627,1.31675,1.31615,1.31652,0,0
2014-08-27,06:00:00,1.31647,1.31673,1.31599,1.31622,0,0
2014-08-27,07:00:00,1.31623,1.3163,1.31564,1.31605,0,0
2014-08-27,08:00:00,1.31607,1.31653,1.3156,1.31653,0,0
2014-08-27,09:00:00,1.31648,1.31833,1.31607,1.31811,0,0
2014-08-27,10:00:00,1.31811,1.31882,1.31786,1.31849,0,0
2014-08-27,11:00:00,1.31849,1.31872,1.3176,1.31824,0,0
2014-08-27,12:00:00,1.31825,1.31849,1.31775,1.31815,0,0
2014-08-27,13:00:00,1.31816,1.31858,1.31794,1.31823,0,0
2014-08-27,14:00:00,1.31822,1.31871,1.31743,1.31838,0,0
2014-08-27,15:00:00,1.31837,1.31862,1.31768,1.31862,0,0
2014-08-27,16:00:00,1.31862,1.31866,1.31683,1.3174,0,0
2014-08-27,17:00:00,1.3174,1.32093,1.3168,1.32024,0,0
2014-08-27,18:00:00,1.32025,1.32057,1.31882,1.31906,0,0
2014-08-27,19:00:00,1.31906,1.31934,1.31889,1.31929,0,0
2014-08-27,20:00:00,1.31929,1.3207,1.31906,1.31987,0,0
2014-08-27,21:00:00,1.31987,1.31991,1.31928,1.3196,0,0
2014-08-27,22:00:00,1.3196,1.31975,1.31934,1.31943,0,0
2014-08-27,23:00:00,1.31946,1.3195,1.31922,1.31926,0,0
2014-08-27,23:59:00,1.31922,1.31951,1.31918,1.31931,0,0
2014-08-28,01:00:00,1.31932,1.31938,1.31914,1.31925,0,0
2014-08-28,02:00:00,1.31923,1.31932,1.31894,1.31915,0,0
2014-08-28,03:00:00,1.31914,1.31986,1.31883,1.31967,0,0
2014-08-28,04:00:00,1.31967,1.32157,1.31957,1.32147,0,0
2014-08-28,05:00:00,1.3215,1.32161,1.32091,1.32109,0,0
2014-08-28,06:00:00,1.32109,1.32167,1.32109,1.3214,0,0
2014-08-28,07:00:00,1.32139,1.32159,1.32115,1.32122,0,0
2014-08-28,08:00:00,1.3212,1.32169,1.32047,1.32055,0,0
2014-08-28,09:00:00,1.32054,1.32114,1.32027,1.32065,0,0
2014-08-28,10:00:00,1.32065,1.32205,1.31984,1.32011,0,0
2014-08-28,11:00:00,1.31984,1.32177,1.31984,1.32072,0,0
2014-08-28,12:00:00,1.32073,1.32146,1.31863,1.31864,0,0
2014-08-28,13:00:00,1.31861,1.3191,1.3171,1.31757,0,0
2014-08-28,14:00:00,1.31757,1.31887,1.31734,1.31839,0,0
2014-08-28,15:00:00,1.31841,1.31858,1.31694,1.31782,0,0
2014-08-28,16:00:00,1.31785,1.31799,1.31597,1.31699,0,0
2014-08-28,17:00:00,1.31711,1.31761,1.31622,1.31745,0,0
2014-08-28,18:00:00,1.31747,1.31837,1.31702,1.3177,0,0
2014-08-28,19:00:00,1.3177,1.31783,1.31668,1.31746,0,0
2014-08-28,20:00:00,1.31745,1.31805,1.31734,1.31782,0,0
2014-08-28,21:00:00,1.31782,1.31849,1.3178,1.31844,0,0
2014-08-28,22:00:00,1.31843,1.31849,1.31814,1.31835,0,0
2014-08-28,23:00:00,1.31834,1.31834,1.31807,1.31819,0,0
2014-08-28,23:59:00,1.31819,1.31852,1.31811,1.31833,0,0
2014-08-29,01:00:00,1.31829,1.31836,1.31796,1.31809,0,0
2014-08-29,02:00:00,1.31807,1.31853,1.31807,1.31839,0,0
2014-08-29,03:00:00,1.31838,1.31856,1.31807,1.3181,0,0
2014-08-29,04:00:00,1.3181,1.31831,1.31793,1.31826,0,0
2014-08-29,05:00:00,1.31827,1.3183,1.31804,1.31807,0,0
2014-08-29,06:00:00,1.31809,1.31828,1.31793,1.31798,0,0
2014-08-29,07:00:00,1.31798,1.31808,1.31739,1.31748,0,0
2014-08-29,08:00:00,1.31747,1.31793,1.3174,1.31754,0,0
2014-08-29,09:00:00,1.31754,1.31754,1.31601,1.31629,0,0
2014-08-29,10:00:00,1.31629,1.31758,1.31616,1.31693,0,0
2014-08-29,11:00:00,1.31697,1.31832,1.31671,1.31763,0,0
2014-08-29,12:00:00,1.31757,1.31939,1.31746,1.31767,0,0
2014-08-29,13:00:00,1.31768,1.3194,1.31767,1.31882,0,0
2014-08-29,14:00:00,1.31883,1.31956,1.31823,1.319,0,0
2014-08-29,15:00:00,1.319,1.3193,1.31799,1.31844,0,0
2014-08-29,16:00:00,1.31845,1.31862,1.3171,1.31755,0,0
2014-08-29,17:00:00,1.31755,1.31892,1.31696,1.31709,0,0
2014-08-29,18:00:00,1.31711,1.31742,1.31424,1.3149,0,0
2014-08-29,19:00:00,1.3149,1.31536,1.31397,1.31442,0,0
2014-08-29,20:00:00,1.31447,1.31468,1.31369,1.31426,0,0
2014-08-29,21:00:00,1.31426,1.31434,1.31336,1.31343,0,0
2014-08-29,22:00:00,1.3135,1.31397,1.31343,1.31386,0,0
2014-08-29,23:00:00,1.31386,1.31386,1.31386,1.31386,0,0
2014-09-01,01:00:00,1.31285,1.31342,1.31285,1.31342,0,0
2014-09-01,02:00:00,1.31343,1.31343,1.3124,1.31266,0,0
2014-09-01,03:00:00,1.3127,1.3132,1.31241,1.31274,0,0
2014-09-01,04:00:00,1.31274,1.31299,1.31238,1.3125,0,0
2014-09-01,05:00:00,1.3125,1.31252,1.31183,1.31234,0,0
2014-09-01,06:00:00,1.31234,1.31235,1.31194,1.31195,0,0
2014-09-01,07:00:00,1.31195,1.3127,1.31195,1.31265,0,0
2014-09-01,08:00:00,1.31265,1.31295,1.31222,1.31264,0,0
2014-09-01,09:00:00,1.31264,1.3134,1.31236,1.31314,0,0
2014-09-01,10:00:00,1.31313,1.31349,1.31277,1.31319,0,0
2014-09-01,11:00:00,1.31319,1.31438,1.31286,1.31418,0,0
2014-09-01,12:00:00,1.31412,1.31449,1.31357,1.31385,0,0
2014-09-01,13:00:00,1.31379,1.31396,1.31311,1.31367,0,0
2014-09-01,14:00:00,1.31366,1.31382,1.31332,1.31352,0,0
2014-09-01,15:00:00,1.31352,1.31409,1.31323,1.31404,0,0
2014-09-01,16:00:00,1.31404,1.31404,1.31335,1.31342,0,0
2014-09-01,17:00:00,1.31342,1.31361,1.31327,1.31361,0,0
2014-09-01,18:00:00,1.31359,1.31361,1.31272,1.31272,0,0
2014-09-01,19:00:00,1.3127,1.31368,1.31267,1.31307,0,0
2014-09-01,20:00:00,1.31307,1.31307,1.31282,1.31289,0,0
2014-09-01,21:00:00,1.3129,1.31306,1.31278,1.31304,0,0
2014-09-01,22:00:00,1.31304,1.31305,1.31291,1.31303,0,0
2014-09-01,23:00:00,1.31302,1.31306,1.31268,1.31276,0,0
2014-09-01,23:59:00,1.3127,1.31298,1.31263,1.31276,0,0
2014-09-02,01:00:00,1.31274,1.31297,1.3127,1.31293,0,0
2014-09-02,02:00:00,1.31293,1.31314,1.31285,1.31304,0,0
2014-09-02,03:00:00,1.31304,1.31328,1.31291,1.31311,0,0
2014-09-02,04:00:00,1.31312,1.31319,1.31169,1.31189,0,0
2014-09-02,05:00:00,1.31189,1.31242,1.31183,1.31221,0,0
2014-09-02,06:00:00,1.31221,1.31236,1.31167,1.31178,0,0
2014-09-02,07:00:00,1.31178,1.31225,1.31144,1.31199,0,0
2014-09-02,08:00:00,1.31199,1.31241,1.31193,1.31203,0,0
2014-09-02,09:00:00,1.31206,1.31277,1.31201,1.31258,0,0
2014-09-02,10:00:00,1.31258,1.31361,1.3123,1.31262,0,0
2014-09-02,11:00:00,1.31263,1.31323,1.3115,1.31164,0,0
2014-09-02,12:00:00,1.31163,1.31194,1.31098,1.31119,0,0
2014-09-02,13:00:00,1.31119,1.31187,1.31102,1.31177,0,0
2014-09-02,14:00:00,1.31177,1.31177,1.31113,1.31157,0,0
2014-09-02,15:00:00,1.31156,1.3123,1.31124,1.31224,0,0
2014-09-02,16:00:00,1.31224,1.3127,1.31207,1.31245,0,0
2014-09-02,17:00:00,1.31245,1.31298,1.31146,1.31218,0,0
2014-09-02,18:00:00,1.31218,1.31289,1.31155,1.31233,0,0
2014-09-02,19:00:00,1.31233,1.31278,1.31222,1.31247,0,0
2014-09-02,20:00:00,1.31247,1.31335,1.3124,1.31288,0,0
2014-09-02,21:00:00,1.3129,1.31293,1.31227,1.31258,0,0
2014-09-02,22:00:00,1.31259,1.31334,1.31255,1.31285,0,0
2014-09-02,23:00:00,1.31286,1.3134,1.31278,1.3132,0,0
2014-09-02,23:59:00,1.3132,1.3133,1.31306,1.31326,0,0
2014-09-03,01:00:00,1.31325,1.31343,1.31316,1.31324,0,0
2014-09-03,02:00:00,1.31328,1.31348,1.31291,1.31305,0,0
2014-09-03,03:00:00,1.31305,1.31343,1.31285,1.31311,0,0
2014-09-03,04:00:00,1.31311,1.31333,1.31279,1.31299,0,0
2014-09-03,05:00:00,1.31301,1.31344,1.31296,1.31322,0,0
2014-09-03,06:00:00,1.31324,1.31343,1.31219,1.31242,0,0
2014-09-03,07:00:00,1.31242,1.31268,1.31228,1.31246,0,0
2014-09-03,08:00:00,1.31246,1.31327,1.31234,1.31299,0,0
2014-09-03,09:00:00,1.31298,1.31418,1.31276,1.3134,0,0
2014-09-03,10:00:00,1.31336,1.31391,1.31252,1.31262,0,0
2014-09-03,11:00:00,1.31266,1.31559,1.31258,1.31393,0,0
2014-09-03,12:00:00,1.31398,1.31462,1.31339,1.31407,0,0
2014-09-03,13:00:00,1.31406,1.31553,1.31403,1.31484,0,0
2014-09-03,14:00:00,1.31488,1.31594,1.31458,1.31524,0,0
2014-09-03,15:00:00,1.31524,1.31537,1.31461,1.31517,0,0
2014-09-03,16:00:00,1.31517,1.31521,1.31403,1.31449,0,0
2014-09-03,17:00:00,1.31448,1.315,1.31363,1.31371,0,0
2014-09-03,18:00:00,1.31367,1.31403,1.31325,1.31354,0,0
2014-09-03,19:00:00,1.31356,1.31435,1.31337,1.31407,0,0
2014-09-03,20:00:00,1.31405,1.31446,1.31343,1.31361,0,0
2014-09-03,21:00:00,1.31362,1.31482,1.31352,1.31438,0,0
2014-09-03,22:00:00,1.31438,1.31495,1.31408,1.31466,0,0
2014-09-03,23:00:00,1.31465,1.31512,1.31454,1.31493,0,0
2014-09-03,23:59:00,1.31494,1.31499,1.31458,1.31477,0,0
2014-09-04,01:00:00,1.31479,1.31526,1.31469,1.31506,0,0
2014-09-04,02:00:00,1.31506,1.31507,1.31472,1.31475,0,0
2014-09-04,03:00:00,1.31473,1.31511,1.31454,1.31455,0,0
2014-09-04,04:00:00,1.31455,1.31489,1.31431,1.31437,0,0
2014-09-04,05:00:00,1.31438,1.3148,1.31438,1.31466,0,0
2014-09-04,06:00:00,1.31466,1.31494,1.3146,1.31477,0,0
2014-09-04,07:00:00,1.31478,1.31485,1.31459,1.31463,0,0
2014-09-04,08:00:00,1.31463,1.31472,1.31429,1.31465,0,0
2014-09-04,09:00:00,1.31465,1.31531,1.31383,1.31404,0,0
2014-09-04,10:00:00,1.31403,1.31428,1.31356,1.31427,0,0
2014-09-04,11:00:00,1.31425,1.31502,1.31404,1.31461,0,0
2014-09-04,12:00:00,1.31459,1.315,1.3145,1.31452,0,0
2014-09-04,13:00:00,1.31452,1.3146,1.31199,1.31283,0,0
2014-09-04,14:00:00,1.31284,1.31388,1.30357,1.30499,0,0
2014-09-04,15:00:00,1.30497,1.30497,1.29953,1.30229,0,0
2014-09-04,16:00:00,1.30231,1.30293,1.30052,1.30118,0,0
2014-09-04,17:00:00,1.30117,1.30146,1.29556,1.29654,0,0
2014-09-04,18:00:00,1.29659,1.29736,1.29201,1.29259,0,0
2014-09-04,19:00:00,1.29259,1.29464,1.29245,1.29463,0,0
2014-09-04,20:00:00,1.29463,1.29571,1.29416,1.29518,0,0
2014-09-04,21:00:00,1.29519,1.29561,1.29358,1.29358,0,0
2014-09-04,22:00:00,1.29362,1.29489,1.29362,1.29476,0,0
2014-09-04,23:00:00,1.29473,1.29483,1.29382,1.29434,0,0
2014-09-04,23:59:00,1.29436,1.29452,1.29344,1.2935,0,0
2014-09-05,01:00:00,1.29351,1.29388,1.29339,1.29358,0,0
2014-09-05,02:00:00,1.29357,1.29403,1.29212,1.29291,0,0
2014-09-05,03:00:00,1.29291,1.29328,1.29239,1.29322,0,0
2014-09-05,04:00:00,1.29322,1.29366,1.293,1.29366,0,0
2014-09-05,05:00:00,1.29365,1.29381,1.29324,1.29347,0,0
2014-09-05,06:00:00,1.29348,1.29351,1.29314,1.29326,0,0
2014-09-05,07:00:00,1.29326,1.29362,1.29314,1.2932,0,0
2014-09-05,08:00:00,1.29321,1.29364,1.29301,1.29354,0,0
2014-09-05,09:00:00,1.29358,1.29442,1.29338,1.29424,0,0
2014-09-05,10:00:00,1.29426,1.29443,1.2933,1.29375,0,0
2014-09-05,11:00:00,1.29375,1.29524,1.29365,1.29509,0,0
2014-09-05,12:00:00,1.29513,1.2957,1.29509,1.29541,0,0
2014-09-05,13:00:00,1.29546,1.29631,1.29523,1.29543,0,0
2014-09-05,14:00:00,1.29544,1.29638,1.29497,1.29516,0,0
2014-09-05,15:00:00,1.29515,1.29878,1.29429,1.29734,0,0
2014-09-05,16:00:00,1.29727,1.29791,1.29576,1.29697,0,0
2014-09-05,17:00:00,1.29697,1.29799,1.29558,1.29586,0,0
2014-09-05,18:00:00,1.29576,1.29655,1.29533,1.29553,0,0
2014-09-05,19:00:00,1.29553,1.29583,1.29446,1.29504,0,0
2014-09-05,20:00:00,1.29504,1.29571,1.29491,1.29543,0,0
2014-09-05,21:00:00,1.29543,1.29598,1.29538,1.29563,0,0
2014-09-05,22:00:00,1.29563,1.29572,1.29501,1.29506,0,0
2014-09-05,23:00:00,1.29506,1.29506,1.29506,1.29506,0,0
2014-09-08,01:00:00,1.29544,1.29582,1.29508,1.29542,0,0
2014-09-08,02:00:00,1.29542,1.29547,1.29484,1.29516,0,0
2014-09-08,03:00:00,1.29516,1.29543,1.29489,1.29525,0,0
2014-09-08,04:00:00,1.29525,1.29582,1.29496,1.29549,0,0
2014-09-08,05:00:00,1.2955,1.29562,1.29505,1.29512,0,0
2014-09-08,06:00:00,1.29512,1.29514,1.2938,1.29389,0,0
2014-09-08,07:00:00,1.29389,1.29406,1.29339,1.29403,0,0
2014-09-08,08:00:00,1.29404,1.29416,1.29315,1.29361,0,0
2014-09-08,09:00:00,1.29362,1.29415,1.29304,1.29365,0,0
2014-09-08,10:00:00,1.29365,1.29484,1.2933,1.29419,0,0
2014-09-08,11:00:00,1.29419,1.29508,1.29387,1.29432,0,0
2014-09-08,12:00:00,1.29432,1.29477,1.2941,1.29449,0,0
2014-09-08,13:00:00,1.29448,1.29513,1.2943,1.29447,0,0
2014-09-08,14:00:00,1.29447,1.29543,1.29442,1.29476,0,0
2014-09-08,15:00:00,1.29476,1.29564,1.29441,1.29513,0,0
2014-09-08,16:00:00,1.29513,1.29514,1.29336,1.29394,0,0
2014-09-08,17:00:00,1.29394,1.29504,1.29358,1.29475,0,0
2014-09-08,18:00:00,1.29475,1.29499,1.29384,1.29472,0,0
2014-09-08,19:00:00,1.29472,1.29491,1.29325,1.29336,0,0
2014-09-08,20:00:00,1.29335,1.29342,1.28828,1.29066,0,0
2014-09-08,21:00:00,1.29066,1.29088,1.28998,1.29066,0,0
2014-09-08,22:00:00,1.2907,1.29073,1.28915,1.28987,0,0
2014-09-08,23:00:00,1.28987,1.2899,1.28938,1.28938,0,0
2014-09-08,23:59:00,1.28942,1.28996,1.28926,1.28993,0,0
2014-09-09,01:00:00,1.2899,1.28995,1.28934,1.28976,0,0
2014-09-09,02:00:00,1.28975,1.28984,1.28887,1.28908,0,0
2014-09-09,03:00:00,1.28908,1.28969,1.2889,1.28948,0,0
2014-09-09,04:00:00,1.28948,1.29001,1.28916,1.28923,0,0
2014-09-09,05:00:00,1.28923,1.28964,1.28764,1.28819,0,0
2014-09-09,06:00:00,1.28819,1.28828,1.28659,1.28736,0,0
2014-09-09,07:00:00,1.28737,1.2876,1.28688,1.28746,0,0
2014-09-09,08:00:00,1.28746,1.28842,1.28744,1.28825,0,0
2014-09-09,09:00:00,1.28825,1.28946,1.2881,1.28892,0,0
2014-09-09,10:00:00,1.28892,1.28895,1.28707,1.28754,0,0
2014-09-09,11:00:00,1.28754,1.28758,1.28592,1.28751,0,0
2014-09-09,12:00:00,1.2875,1.28904,1.28737,1.28846,0,0
2014-09-09,13:00:00,1.28843,1.28946,1.2881,1.2888,0,0
2014-09-09,14:00:00,1.28884,1.2894,1.28836,1.28887,0,0
2014-09-09,15:00:00,1.28887,1.29086,1.28825,1.28825,0,0
2014-09-09,16:00:00,1.28825,1.28905,1.28733,1.28818,0,0
2014-09-09,17:00:00,1.28818,1.29178,1.28818,1.29128,0,0
2014-09-09,18:00:00,1.29128,1.29236,1.29079,1.29081,0,0
2014-09-09,19:00:00,1.29082,1.29263,1.2902,1.29157,0,0
2014-09-09,20:00:00,1.29157,1.29213,1.29127,1.29148,0,0
2014-09-09,21:00:00,1.29148,1.29208,1.29137,1.29176,0,0
2014-09-09,22:00:00,1.29176,1.29566,1.29137,1.29486,0,0
2014-09-09,23:00:00,1.29481,1.29485,1.29358,1.29359,0,0
2014-09-09,23:59:00,1.29359,1.29442,1.29345,1.29399,0,0
2014-09-10,01:00:00,1.29398,1.29398,1.29341,1.29377,0,0
2014-09-10,02:00:00,1.29377,1.29443,1.29343,1.29406,0,0
2014-09-10,03:00:00,1.29409,1.29509,1.29368,1.2942,0,0
2014-09-10,04:00:00,1.29424,1.29474,1.29382,1.29389,0,0
2014-09-10,05:00:00,1.29389,1.29397,1.2926,1.29271,0,0
2014-09-10,06:00:00,1.29271,1.2934,1.2926,1.29275,0,0
2014-09-10,07:00:00,1.29275,1.29317,1.29217,1.29221,0,0
2014-09-10,08:00:00,1.29221,1.2928,1.2922,1.29276,0,0
2014-09-10,09:00:00,1.29276,1.29479,1.29233,1.29391,0,0
2014-09-10,10:00:00,1.2939,1.29392,1.29234,1.29301,0,0
2014-09-10,11:00:00,1.29301,1.29436,1.29248,1.29432,0,0
2014-09-10,12:00:00,1.29427,1.29622,1.29375,1.29456,0,0
2014-09-10,13:00:00,1.29458,1.29538,1.29431,1.29502,0,0
2014-09-10,14:00:00,1.29502,1.29515,1.29308,1.29315,0,0
2014-09-10,15:00:00,1.29315,1.29343,1.29,1.29047,0,0
2014-09-10,16:00:00,1.29047,1.29339,1.28968,1.29269,0,0
2014-09-10,17:00:00,1.29268,1.29324,1.29109,1.29152,0,0
2014-09-10,18:00:00,1.29152,1.2919,1.29009,1.29068,0,0
2014-09-10,19:00:00,1.29071,1.29109,1.28838,1.29013,0,0
2014-09-10,20:00:00,1.29015,1.29077,1.2895,1.29067,0,0
2014-09-10,21:00:00,1.29069,1.29157,1.2902,1.29034,0,0
2014-09-10,22:00:00,1.29032,1.29147,1.29021,1.29129,0,0
2014-09-10,23:00:00,1.29139,1.29187,1.29086,1.29162,0,0
2014-09-10,23:59:00,1.29162,1.29164,1.2913,1.29163,0,0
2014-09-11,01:00:00,1.29163,1.2924,1.29163,1.29227,0,0
2014-09-11,02:00:00,1.29227,1.29242,1.29156,1.29163,0,0
2014-09-11,03:00:00,1.29162,1.29241,1.29159,1.29227,0,0
2014-09-11,04:00:00,1.29227,1.29231,1.29099,1.29105,0,0
2014-09-11,05:00:00,1.29105,1.29134,1.29063,1.2913,0,0
2014-09-11,06:00:00,1.2913,1.2916,1.29122,1.29138,0,0
2014-09-11,07:00:00,1.29138,1.29148,1.29052,1.29066,0,0
2014-09-11,08:00:00,1.29058,1.29132,1.29018,1.29057,0,0
2014-09-11,09:00:00,1.29056,1.29157,1.28964,1.29101,0,0
2014-09-11,10:00:00,1.29102,1.29361,1.29047,1.29346,0,0
2014-09-11,11:00:00,1.29346,1.2939,1.29252,1.29283,0,0
2014-09-11,12:00:00,1.29282,1.29346,1.29206,1.29217,0,0
2014-09-11,13:00:00,1.29218,1.2926,1.29115,1.29149,0,0
2014-09-11,14:00:00,1.29153,1.29268,1.29148,1.29268,0,0
2014-09-11,15:00:00,1.29267,1.29504,1.29249,1.29497,0,0
2014-09-11,16:00:00,1.29497,1.29513,1.29291,1.29319,0,0
2014-09-11,17:00:00,1.29319,1.29511,1.29192,1.29407,0,0
2014-09-11,18:00:00,1.29409,1.29413,1.29303,1.29351,0,0
2014-09-11,19:00:00,1.29351,1.29442,1.29345,1.29388,0,0
2014-09-11,20:00:00,1.29386,1.29397,1.2922,1.29261,0,0
2014-09-11,21:00:00,1.29261,1.29354,1.29202,1.29223,0,0
2014-09-11,22:00:00,1.29215,1.29249,1.29151,1.29171,0,0
2014-09-11,23:00:00,1.29171,1.29248,1.29171,1.29235,0,0
2014-09-11,23:59:00,1.29235,1.29289,1.29177,1.2923,0,0
2014-09-12,01:00:00,1.29228,1.29256,1.29211,1.29224,0,0
2014-09-12,02:00:00,1.29227,1.29259,1.29205,1.29223,0,0
2014-09-12,03:00:00,1.29224,1.29245,1.29146,1.29222,0,0
2014-09-12,04:00:00,1.2922,1.29248,1.29137,1.292,0,0
2014-09-12,05:00:00,1.292,1.29235,1.29172,1.29173,0,0
2014-09-12,06:00:00,1.29168,1.29216,1.29143,1.29197,0,0
2014-09-12,07:00:00,1.29197,1.2923,1.29144,1.292,0,0
2014-09-12,08:00:00,1.29199,1.29251,1.2918,1.29244,0,0
2014-09-12,09:00:00,1.29244,1.29324,1.29195,1.29233,0,0
2014-09-12,10:00:00,1.29235,1.29287,1.29172,1.29277,0,0
2014-09-12,11:00:00,1.29277,1.29309,1.29174,1.29245,0,0
2014-09-12,12:00:00,1.29245,1.2932,1.29164,1.2923,0,0
2014-09-12,13:00:00,1.29226,1.29288,1.29203,1.2928,0,0
2014-09-12,14:00:00,1.2928,1.2939,1.29254,1.29327,0,0
2014-09-12,15:00:00,1.29328,1.29551,1.29221,1.29419,0,0
2014-09-12,16:00:00,1.29415,1.29425,1.29089,1.29255,0,0
2014-09-12,17:00:00,1.29256,1.29476,1.29256,1.29377,0,0
2014-09-12,18:00:00,1.29373,1.29626,1.29347,1.29543,0,0
2014-09-12,19:00:00,1.29542,1.29784,1.29505,1.2973,0,0
2014-09-12,20:00:00,1.2973,1.29767,1.29476,1.2953,0,0
2014-09-12,21:00:00,1.29527,1.29534,1.29416,1.29475,0,0
2014-09-12,22:00:00,1.29477,1.29513,1.29409,1.29481,0,0
2014-09-12,23:00:00,1.29481,1.29481,1.2948,1.2948,0,0
2014-09-15,01:00:00,1.29673,1.29691,1.2962,1.2962,0,0
2014-09-15,02:00:00,1.29619,1.2962,1.29583,1.29591,0,0
2014-09-15,03:00:00,1.29591,1.29591,1.29496,1.29557,0,0
2014-09-15,04:00:00,1.2955,1.2968,1.29518,1.29646,0,0
2014-09-15,05:00:00,1.29646,1.2969,1.2963,1.29645,0,0
2014-09-15,06:00:00,1.29645,1.29666,1.29596,1.29629,0,0
2014-09-15,07:00:00,1.29629,1.29635,1.29528,1.29573,0,0
2014-09-15,08:00:00,1.29573,1.29627,1.2953,1.29618,0,0
2014-09-15,09:00:00,1.29617,1.29617,1.29495,1.29537,0,0
2014-09-15,10:00:00,1.2953,1.29531,1.29309,1.29393,0,0
2014-09-15,11:00:00,1.29393,1.29393,1.29158,1.29205,0,0
2014-09-15,12:00:00,1.29205,1.29293,1.29197,1.29232,0,0
2014-09-15,13:00:00,1.29232,1.2925,1.29163,1.29214,0,0
2014-09-15,14:00:00,1.2922,1.29248,1.29152,1.29225,0,0
2014-09-15,15:00:00,1.29222,1.29235,1.29086,1.29181,0,0
2014-09-15,16:00:00,1.2918,1.29467,1.2916,1.29466,0,0
2014-09-15,17:00:00,1.29466,1.29506,1.29321,1.2938,0,0
2014-09-15,18:00:00,1.2938,1.29503,1.29377,1.29498,0,0
2014-09-15,19:00:00,1.29496,1.29507,1.29291,1.29319,0,0
2014-09-15,20:00:00,1.29319,1.29439,1.29318,1.29386,0,0
2014-09-15,21:00:00,1.29384,1.29438,1.29345,1.29349,0,0
2014-09-15,22:00:00,1.29348,1.29443,1.29303,1.29391,0,0
2014-09-15,23:00:00,1.29389,1.29411,1.2936,1.29397,0,0
2014-09-15,23:59:00,1.294,1.29426,1.29373,1.29404,0,0
2014-09-16,01:00:00,1.29404,1.29404,1.29357,1.29376,0,0
2014-09-16,02:00:00,1.29377,1.29393,1.29371,1.2938,0,0
2014-09-16,03:00:00,1.2938,1.29457,1.29369,1.29404,0,0
2014-09-16,04:00:00,1.29404,1.296,1.2939,1.29527,0,0
2014-09-16,05:00:00,1.29527,1.29535,1.29468,1.29495,0,0
2014-09-16,06:00:00,1.29495,1.29503,1.29414,1.29418,0,0
2014-09-16,07:00:00,1.29419,1.29433,1.29363,1.29385,0,0
2014-09-16,08:00:00,1.29385,1.29431,1.2936,1.29366,0,0
2014-09-16,09:00:00,1.29366,1.2938,1.29222,1.29282,0,0
2014-09-16,10:00:00,1.29282,1.29419,1.29269,1.29419,0,0
2014-09-16,11:00:00,1.2942,1.29478,1.2938,1.29448,0,0
2014-09-16,12:00:00,1.29453,1.29548,1.29377,1.29492,0,0
2014-09-16,13:00:00,1.2949,1.29659,1.29405,1.29439,0,0
2014-09-16,14:00:00,1.29437,1.2949,1.29392,1.29452,0,0
2014-09-16,15:00:00,1.29451,1.2954,1.29407,1.29421,0,0
2014-09-16,16:00:00,1.2942,1.29513,1.29401,1.2946,0,0
2014-09-16,17:00:00,1.2946,1.29513,1.29371,1.29421,0,0
2014-09-16,18:00:00,1.29421,1.2978,1.29355,1.29717,0,0
2014-09-16,19:00:00,1.29745,1.29943,1.29587,1.29647,0,0
2014-09-16,20:00:00,1.29647,1.29714,1.2957,1.29701,0,0
2014-09-16,21:00:00,1.29701,1.29712,1.2958,1.2959,0,0
2014-09-16,22:00:00,1.29594,1.29642,1.29579,1.29583,0,0
2014-09-16,23:00:00,1.29588,1.29605,1.29548,1.29594,0,0
2014-09-16,23:59:00,1.29594,1.29651,1.29567,1.29567,0,0
2014-09-17,01:00:00,1.29565,1.2958,1.2949,1.29501,0,0
2014-09-17,02:00:00,1.29502,1.29592,1.29502,1.29577,0,0
2014-09-17,03:00:00,1.29577,1.29589,1.29523,1.29557,0,0
2014-09-17,04:00:00,1.29557,1.29563,1.29487,1.29522,0,0
2014-09-17,05:00:00,1.29522,1.29564,1.29503,1.29531,0,0
2014-09-17,06:00:00,1.29531,1.29558,1.29492,1.2951,0,0
2014-09-17,07:00:00,1.29511,1.29534,1.29491,1.29504,0,0
2014-09-17,08:00:00,1.29504,1.29516,1.29469,1.29478,0,0
2014-09-17,09:00:00,1.29478,1.29569,1.29443,1.29484,0,0
2014-09-17,10:00:00,1.29487,1.29611,1.29432,1.29589,0,0
2014-09-17,11:00:00,1.29588,1.2966,1.29545,1.29581,0,0
2014-09-17,12:00:00,1.29579,1.2964,1.29529,1.29588,0,0
2014-09-17,13:00:00,1.29589,1.29702,1.29534,1.29561,0,0
2014-09-17,14:00:00,1.29561,1.29585,1.29523,1.29557,0,0
2014-09-17,15:00:00,1.29556,1.29807,1.29547,1.29699,0,0
2014-09-17,16:00:00,1.29698,1.29727,1.29529,1.2966,0,0
2014-09-17,17:00:00,1.29658,1.29696,1.29536,1.29598,0,0
2014-09-17,18:00:00,1.29592,1.29592,1.29375,1.29571,0,0
2014-09-17,19:00:00,1.29571,1.29642,1.29511,1.29513,0,0
2014-09-17,20:00:00,1.29513,1.29651,1.29513,1.29596,0,0
2014-09-17,21:00:00,1.2959,1.29767,1.28976,1.29158,0,0
2014-09-17,22:00:00,1.29169,1.29277,1.2852,1.2875,0,0
2014-09-17,23:00:00,1.28748,1.28765,1.28633,1.28646,0,0
2014-09-17,23:59:00,1.28646,1.28654,1.28355,1.28448,0,0
2014-09-18,01:00:00,1.28469,1.28492,1.28374,1.28383,0,0
2014-09-18,02:00:00,1.28383,1.28489,1.28345,1.28482,0,0
2014-09-18,03:00:00,1.28485,1.28576,1.28483,1.28549,0,0
2014-09-18,04:00:00,1.2855,1.28645,1.28528,1.28636,0,0
2014-09-18,05:00:00,1.28635,1.28722,1.28613,1.28688,0,0
2014-09-18,06:00:00,1.28687,1.28727,1.28626,1.28641,0,0
2014-09-18,07:00:00,1.2864,1.2865,1.2858,1.28586,0,0
2014-09-18,08:00:00,1.28587,1.28676,1.2853,1.28669,0,0
2014-09-18,09:00:00,1.28668,1.28831,1.28632,1.28806,0,0
2014-09-18,10:00:00,1.28804,1.28881,1.28688,1.28862,0,0
2014-09-18,11:00:00,1.28868,1.28953,1.2881,1.28886,0,0
2014-09-18,12:00:00,1.28885,1.29033,1.2872,1.2872,0,0
2014-09-18,13:00:00,1.28717,1.28809,1.28696,1.28765,0,0
2014-09-18,14:00:00,1.28764,1.28857,1.28738,1.28753,0,0
2014-09-18,15:00:00,1.2875,1.28873,1.2856,1.28859,0,0
2014-09-18,16:00:00,1.28858,1.29017,1.28837,1.289,0,0
2014-09-18,17:00:00,1.28908,1.29227,1.28856,1.29206,0,0
2014-09-18,18:00:00,1.29203,1.2928,1.29059,1.29144,0,0
2014-09-18,19:00:00,1.29131,1.29232,1.29123,1.29218,0,0
2014-09-18,20:00:00,1.29224,1.29226,1.29091,1.29138,0,0
2014-09-18,21:00:00,1.29138,1.29182,1.29103,1.2915,0,0
2014-09-18,22:00:00,1.29152,1.29201,1.29141,1.29168,0,0
2014-09-18,23:00:00,1.29167,1.293,1.29166,1.29222,0,0
2014-09-18,23:59:00,1.29222,1.29245,1.29113,1.29158,0,0
2014-09-19,01:00:00,1.29162,1.29197,1.29112,1.29165,0,0
2014-09-19,02:00:00,1.29163,1.29205,1.29156,1.29199,0,0
2014-09-19,03:00:00,1.29198,1.29205,1.29012,1.29107,0,0
2014-09-19,04:00:00,1.29105,1.29157,1.28969,1.29102,0,0
2014-09-19,05:00:00,1.29105,1.29167,1.29051,1.29156,0,0
2014-09-19,06:00:00,1.29156,1.29257,1.29152,1.29194,0,0
2014-09-19,07:00:00,1.29193,1.29286,1.29151,1.29175,0,0
2014-09-19,08:00:00,1.29175,1.29176,1.29019,1.29025,0,0
2014-09-19,09:00:00,1.29022,1.29093,1.28846,1.28889,0,0
2014-09-19,10:00:00,1.28895,1.2903,1.28871,1.28905,0,0
2014-09-19,11:00:00,1.28906,1.2894,1.28666,1.28765,0,0
2014-09-19,12:00:00,1.28765,1.28861,1.2868,1.28811,0,0
2014-09-19,13:00:00,1.28811,1.28814,1.28613,1.28635,0,0
2014-09-19,14:00:00,1.28635,1.28675,1.28525,1.28585,0,0
2014-09-19,15:00:00,1.2858,1.28768,1.2846,1.28675,0,0
2014-09-19,16:00:00,1.28677,1.28708,1.28415,1.2853,0,0
2014-09-19,17:00:00,1.2853,1.28563,1.28307,1.28404,0,0
2014-09-19,18:00:00,1.28403,1.28533,1.28332,1.28343,0,0
2014-09-19,19:00:00,1.28349,1.28405,1.28314,1.28325,0,0
2014-09-19,20:00:00,1.28329,1.28447,1.28321,1.28421,0,0
2014-09-19,21:00:00,1.28421,1.28431,1.28334,1.28353,0,0
2014-09-19,22:00:00,1.28352,1.28376,1.28324,1.2836,0,0
2014-09-22,01:00:00,1.28283,1.28363,1.28266,1.28357,0,0
2014-09-22,02:00:00,1.28353,1.28438,1.28352,1.28397,0,0
2014-09-22,03:00:00,1.28396,1.28487,1.28394,1.28485,0,0
2014-09-22,04:00:00,1.28487,1.28512,1.28416,1.28509,0,0
2014-09-22,05:00:00,1.28509,1.28581,1.28496,1.28574,0,0
2014-09-22,06:00:00,1.28574,1.28671,1.28574,1.28588,0,0
2014-09-22,07:00:00,1.28594,1.28645,1.28589,1.28611,0,0
2014-09-22,08:00:00,1.28612,1.28663,1.28575,1.2865,0,0
2014-09-22,09:00:00,1.2865,1.28665,1.28561,1.2863,0,0
2014-09-22,10:00:00,1.2863,1.2866,1.28526,1.28541,0,0
2014-09-22,11:00:00,1.28531,1.28563,1.28454,1.28458,0,0
2014-09-22,12:00:00,1.28459,1.2855,1.28431,1.28536,0,0
2014-09-22,13:00:00,1.28536,1.28552,1.28333,1.28382,0,0
2014-09-22,14:00:00,1.28383,1.28461,1.28382,1.28458,0,0
2014-09-22,15:00:00,1.28458,1.28558,1.28419,1.28539,0,0
2014-09-22,16:00:00,1.28539,1.28553,1.28352,1.28401,0,0
2014-09-22,17:00:00,1.28397,1.28496,1.28207,1.28213,0,0
2014-09-22,18:00:00,1.28215,1.2834,1.28162,1.28282,0,0
2014-09-22,19:00:00,1.28282,1.28373,1.28237,1.28316,0,0
2014-09-22,20:00:00,1.28316,1.2833,1.28235,1.28304,0,0
2014-09-22,21:00:00,1.28303,1.28406,1.28302,1.28347,0,0
2014-09-22,22:00:00,1.2834,1.28497,1.2834,1.28488,0,0
2014-09-22,23:00:00,1.28487,1.28507,1.2844,1.28487,0,0
2014-09-22,23:59:00,1.28487,1.28487,1.28422,1.28463,0,0
2014-09-23,01:00:00,1.28461,1.28497,1.28454,1.28482,0,0
2014-09-23,02:00:00,1.2848,1.28515,1.28479,1.28501,0,0
2014-09-23,03:00:00,1.28499,1.28515,1.28458,1.28503,0,0
2014-09-23,04:00:00,1.28505,1.28631,1.28499,1.28525,0,0
2014-09-23,05:00:00,1.28525,1.28572,1.28482,1.2852,0,0
2014-09-23,06:00:00,1.2852,1.28558,1.28501,1.28514,0,0
2014-09-23,07:00:00,1.28514,1.28532,1.28482,1.28512,0,0
2014-09-23,08:00:00,1.28513,1.28526,1.2848,1.28499,0,0
2014-09-23,09:00:00,1.28499,1.28516,1.28423,1.28466,0,0
2014-09-23,10:00:00,1.28464,1.28656,1.28464,1.28576,0,0
2014-09-23,11:00:00,1.28576,1.28849,1.28527,1.28817,0,0
2014-09-23,12:00:00,1.28817,1.28944,1.28732,1.28898,0,0
2014-09-23,13:00:00,1.28898,1.2895,1.28792,1.28836,0,0
2014-09-23,14:00:00,1.28836,1.29006,1.28835,1.29,0,0
2014-09-23,15:00:00,1.28992,1.28992,1.28749,1.28822,0,0
2014-09-23,16:00:00,1.28822,1.28906,1.28775,1.28796,0,0
2014-09-23,17:00:00,1.28797,1.28845,1.28545,1.2864,0,0
2014-09-23,18:00:00,1.28636,1.28662,1.28551,1.28572,0,0
2014-09-23,19:00:00,1.28574,1.28587,1.2845,1.28478,0,0
2014-09-23,20:00:00,1.28475,1.2858,1.2847,1.28529,0,0
2014-09-23,21:00:00,1.28531,1.28596,1.28526,1.28574,0,0
2014-09-23,22:00:00,1.28577,1.28595,1.28536,1.28567,0,0
2014-09-23,23:00:00,1.28567,1.28579,1.28464,1.28464,0,0
2014-09-23,23:59:00,1.28464,1.28575,1.2846,1.28483,0,0
2014-09-24,01:00:00,1.28483,1.28495,1.28425,1.28459,0,0
2014-09-24,02:00:00,1.28463,1.28522,1.28388,1.28484,0,0
2014-09-24,03:00:00,1.28483,1.28548,1.2848,1.28492,0,0
2014-09-24,04:00:00,1.28492,1.2854,1.28461,1.28532,0,0
2014-09-24,05:00:00,1.28527,1.28575,1.285,1.28541,0,0
2014-09-24,06:00:00,1.28538,1.28572,1.28515,1.28562,0,0
2014-09-24,07:00:00,1.28562,1.28576,1.28528,1.28528,0,0
2014-09-24,08:00:00,1.28528,1.28544,1.28462,1.28472,0,0
2014-09-24,09:00:00,1.2847,1.28514,1.28394,1.28514,0,0
2014-09-24,10:00:00,1.28511,1.28635,1.28458,1.28592,0,0
2014-09-24,11:00:00,1.28593,1.28593,1.28438,1.28459,0,0
2014-09-24,12:00:00,1.28459,1.28504,1.28406,1.28482,0,0
2014-09-24,13:00:00,1.28482,1.28501,1.28422,1.28431,0,0
2014-09-24,14:00:00,1.28428,1.28441,1.28265,1.28352,0,0
2014-09-24,15:00:00,1.28353,1.28353,1.28233,1.28273,0,0
2014-09-24,16:00:00,1.28268,1.28274,1.27845,1.27874,0,0
2014-09-24,17:00:00,1.27872,1.27987,1.27741,1.27968,0,0
2014-09-24,18:00:00,1.27969,1.28004,1.27814,1.27869,0,0
2014-09-24,19:00:00,1.27864,1.27909,1.27803,1.27863,0,0
2014-09-24,20:00:00,1.27862,1.27898,1.27832,1.27836,0,0
2014-09-24,21:00:00,1.27836,1.27841,1.2778,1.27801,0,0
2014-09-24,22:00:00,1.27803,1.27856,1.27785,1.27825,0,0
2014-09-24,23:00:00,1.27824,1.27839,1.27777,1.278,0,0
2014-09-24,23:59:00,1.27801,1.2781,1.27773,1.27781,0,0
2014-09-25,01:00:00,1.27779,1.27802,1.27752,1.27753,0,0
2014-09-25,02:00:00,1.27753,1.27781,1.27748,1.27767,0,0
2014-09-25,03:00:00,1.27767,1.27805,1.27738,1.27805,0,0
2014-09-25,04:00:00,1.27805,1.27831,1.27776,1.27819,0,0
2014-09-25,05:00:00,1.27819,1.27821,1.27747,1.27772,0,0
2014-09-25,06:00:00,1.27774,1.27774,1.27638,1.27665,0,0
2014-09-25,07:00:00,1.27663,1.27686,1.27648,1.27665,0,0
2014-09-25,08:00:00,1.27664,1.27685,1.2762,1.27655,0,0
2014-09-25,09:00:00,1.27655,1.27685,1.27306,1.27375,0,0
2014-09-25,10:00:00,1.27371,1.27534,1.27164,1.27171,0,0
2014-09-25,11:00:00,1.27161,1.27252,1.26974,1.27249,0,0
2014-09-25,12:00:00,1.27247,1.27356,1.27214,1.273,0,0
2014-09-25,13:00:00,1.27302,1.27326,1.27155,1.2723,0,0
2014-09-25,14:00:00,1.27233,1.27236,1.27076,1.27174,0,0
2014-09-25,15:00:00,1.27185,1.27289,1.27097,1.2727,0,0
2014-09-25,16:00:00,1.2727,1.27382,1.2709,1.27322,0,0
2014-09-25,17:00:00,1.27321,1.2764,1.27296,1.27462,0,0
2014-09-25,18:00:00,1.27464,1.27489,1.27246,1.27467,0,0
2014-09-25,19:00:00,1.27473,1.27495,1.27367,1.27404,0,0
2014-09-25,20:00:00,1.27406,1.27488,1.27344,1.27441,0,0
2014-09-25,21:00:00,1.27441,1.27571,1.27441,1.27478,0,0
2014-09-25,22:00:00,1.27479,1.27502,1.27438,1.27452,0,0
2014-09-25,23:00:00,1.27453,1.27503,1.27398,1.2749,0,0
2014-09-25,23:59:00,1.27491,1.27526,1.27468,1.27507,0,0
2014-09-26,01:00:00,1.27507,1.27577,1.27494,1.27568,0,0
2014-09-26,02:00:00,1.27568,1.27601,1.27542,1.27546,0,0
2014-09-26,03:00:00,1.27546,1.27594,1.27525,1.27575,0,0
2014-09-26,04:00:00,1.27576,1.27581,1.27505,1.27506,0,0
2014-09-26,05:00:00,1.27506,1.27536,1.27395,1.27454,0,0
2014-09-26,06:00:00,1.27455,1.27489,1.27434,1.27467,0,0
2014-09-26,07:00:00,1.27467,1.27497,1.27418,1.27439,0,0
2014-09-26,08:00:00,1.27439,1.2749,1.27371,1.27415,0,0
2014-09-26,09:00:00,1.27415,1.27456,1.27281,1.27408,0,0
2014-09-26,10:00:00,1.27414,1.27561,1.27374,1.27471,0,0
2014-09-26,11:00:00,1.27467,1.27548,1.27404,1.27474,0,0
2014-09-26,12:00:00,1.27474,1.275,1.27418,1.27457,0,0
2014-09-26,13:00:00,1.27458,1.27479,1.27407,1.27427,0,0
2014-09-26,14:00:00,1.27428,1.27438,1.27247,1.27319,0,0
2014-09-26,15:00:00,1.2732,1.27397,1.27107,1.27146,0,0
2014-09-26,16:00:00,1.27137,1.27282,1.26892,1.26962,0,0
2014-09-26,17:00:00,1.26965,1.27035,1.26783,1.26955,0,0
2014-09-26,18:00:00,1.26954,1.27011,1.26819,1.26853,0,0
2014-09-26,19:00:00,1.26854,1.26905,1.2681,1.26891,0,0
2014-09-26,20:00:00,1.26897,1.26931,1.26842,1.26849,0,0
2014-09-26,21:00:00,1.26849,1.26853,1.26767,1.26821,0,0
2014-09-26,22:00:00,1.26821,1.26834,1.26772,1.26828,0,0
2014-09-26,23:00:00,1.2683,1.2683,1.2683,1.2683,0,0
2014-09-29,01:00:00,1.26818,1.26818,1.26657,1.2671,0,0
2014-09-29,02:00:00,1.2671,1.26761,1.26686,1.26746,0,0
2014-09-29,03:00:00,1.26746,1.26869,1.26737,1.26815,0,0
2014-09-29,04:00:00,1.26823,1.26863,1.26725,1.26808,0,0
2014-09-29,05:00:00,1.26809,1.26822,1.26731,1.26771,0,0
2014-09-29,06:00:00,1.26771,1.26809,1.26759,1.26785,0,0
2014-09-29,07:00:00,1.26785,1.26791,1.2672,1.26721,0,0
2014-09-29,08:00:00,1.26721,1.26745,1.26633,1.26676,0,0
2014-09-29,09:00:00,1.26677,1.26912,1.2667,1.26891,0,0
2014-09-29,10:00:00,1.26891,1.26975,1.26757,1.26767,0,0
2014-09-29,11:00:00,1.26769,1.26899,1.26749,1.26749,0,0
2014-09-29,12:00:00,1.26749,1.26808,1.2669,1.2677,0,0
2014-09-29,13:00:00,1.26772,1.26888,1.26767,1.26849,0,0
2014-09-29,14:00:00,1.26847,1.27071,1.26847,1.27041,0,0
2014-09-29,15:00:00,1.2704,1.27144,1.2692,1.271,0,0
2014-09-29,16:00:00,1.27099,1.27141,1.26984,1.2703,0,0
2014-09-29,17:00:00,1.27027,1.27082,1.26781,1.26845,0,0
2014-09-29,18:00:00,1.26845,1.27117,1.26839,1.27031,0,0
2014-09-29,19:00:00,1.27031,1.27055,1.26962,1.26975,0,0
2014-09-29,20:00:00,1.26975,1.26985,1.26816,1.26858,0,0
2014-09-29,21:00:00,1.26858,1.26927,1.26845,1.26917,0,0
2014-09-29,22:00:00,1.26917,1.26921,1.26886,1.2689,0,0
2014-09-29,23:00:00,1.2689,1.26901,1.26845,1.26852,0,0
2014-09-29,23:59:00,1.2685,1.26898,1.26833,1.26886,0,0
2014-09-30,01:00:00,1.26888,1.26906,1.26865,1.269,0,0
2014-09-30,02:00:00,1.26898,1.26913,1.26876,1.26892,0,0
2014-09-30,03:00:00,1.26892,1.26894,1.26809,1.26836,0,0
2014-09-30,04:00:00,1.26836,1.26896,1.26822,1.26839,0,0
2014-09-30,05:00:00,1.26839,1.26941,1.26836,1.26925,0,0
2014-09-30,06:00:00,1.26929,1.27013,1.269,1.26932,0,0
2014-09-30,07:00:00,1.26932,1.26957,1.26886,1.26928,0,0
2014-09-30,08:00:00,1.26928,1.26943,1.26846,1.2688,0,0
2014-09-30,09:00:00,1.2687,1.27017,1.26867,1.269,0,0
2014-09-30,10:00:00,1.26899,1.26944,1.26815,1.26846,0,0
2014-09-30,11:00:00,1.26844,1.26859,1.2653,1.26588,0,0
2014-09-30,12:00:00,1.26588,1.26588,1.259,1.25971,0,0
2014-09-30,13:00:00,1.25973,1.26092,1.25903,1.25935,0,0
2014-09-30,14:00:00,1.25933,1.25983,1.2571,1.25879,0,0
2014-09-30,15:00:00,1.25878,1.26026,1.2577,1.25948,0,0
2014-09-30,16:00:00,1.25951,1.26261,1.25895,1.26076,0,0
2014-09-30,17:00:00,1.26076,1.26342,1.26076,1.26324,0,0
2014-09-30,18:00:00,1.26328,1.26332,1.26125,1.26273,0,0
2014-09-30,19:00:00,1.26273,1.26281,1.26169,1.26279,0,0
2014-09-30,20:00:00,1.26279,1.26336,1.26243,1.26265,0,0
2014-09-30,21:00:00,1.26269,1.26339,1.26264,1.26285,0,0
2014-09-30,22:00:00,1.26295,1.26324,1.26258,1.26291,0,0
2014-09-30,23:00:00,1.2629,1.26315,1.2628,1.26293,0,0
2014-09-30,23:59:00,1.26293,1.26311,1.26249,1.26296,0,0
2014-10-01,01:00:00,1.26296,1.26299,1.26246,1.26292,0,0
2014-10-01,02:00:00,1.26292,1.263,1.26247,1.26273,0,0
2014-10-01,03:00:00,1.26274,1.26316,1.26192,1.26207,0,0
2014-10-01,04:00:00,1.26206,1.26225,1.261,1.26145,0,0
2014-10-01,05:00:00,1.26145,1.26188,1.26069,1.26107,0,0
2014-10-01,06:00:00,1.26108,1.26186,1.26092,1.2616,0,0
2014-10-01,07:00:00,1.26159,1.26201,1.26108,1.26121,0,0
2014-10-01,08:00:00,1.26121,1.26238,1.26121,1.26221,0,0
2014-10-01,09:00:00,1.26221,1.26303,1.26185,1.26188,0,0
2014-10-01,10:00:00,1.26187,1.26253,1.25927,1.25948,0,0
2014-10-01,11:00:00,1.25951,1.26013,1.25848,1.25995,0,0
2014-10-01,12:00:00,1.25995,1.26158,1.25988,1.26119,0,0
2014-10-01,13:00:00,1.26119,1.26159,1.25916,1.25948,0,0
2014-10-01,14:00:00,1.25945,1.25982,1.25846,1.25944,0,0
2014-10-01,15:00:00,1.25943,1.26179,1.25828,1.26129,0,0
2014-10-01,16:00:00,1.26136,1.26158,1.26023,1.26139,0,0
2014-10-01,17:00:00,1.26139,1.26393,1.25901,1.25941,0,0
2014-10-01,18:00:00,1.25943,1.26223,1.25903,1.26162,0,0
2014-10-01,19:00:00,1.26162,1.26209,1.26054,1.26083,0,0
2014-10-01,20:00:00,1.26083,1.26156,1.26031,1.26078,0,0
2014-10-01,21:00:00,1.26078,1.26134,1.26056,1.26067,0,0
2014-10-01,22:00:00,1.26066,1.26169,1.2605,1.26162,0,0
2014-10-01,23:00:00,1.26156,1.26248,1.26137,1.26222,0,0
2014-10-01,23:59:00,1.2622,1.2622,1.26111,1.26176,0,0
2014-10-02,01:00:00,1.26174,1.26218,1.26149,1.26212,0,0
2014-10-02,02:00:00,1.26211,1.26289,1.26205,1.2621,0,0
2014-10-02,03:00:00,1.2621,1.2628,1.26193,1.26222,0,0
2014-10-02,04:00:00,1.26221,1.26286,1.26219,1.2622,0,0
2014-10-02,05:00:00,1.2622,1.26473,1.2621,1.26473,0,0
2014-10-02,06:00:00,1.26472,1.26742,1.26432,1.26585,0,0
2014-10-02,07:00:00,1.26585,1.26625,1.26518,1.26582,0,0
2014-10-02,08:00:00,1.26582,1.26607,1.26433,1.26448,0,0
2014-10-02,09:00:00,1.26448,1.26462,1.26221,1.26303,0,0
2014-10-02,10:00:00,1.26302,1.26348,1.26137,1.2625,0,0
2014-10-02,11:00:00,1.2625,1.26496,1.26168,1.2644,0,0
2014-10-02,12:00:00,1.26447,1.26447,1.26273,1.26363,0,0
2014-10-02,13:00:00,1.26363,1.26432,1.2626,1.2637,0,0
2014-10-02,14:00:00,1.2637,1.26443,1.26287,1.263,0,0
2014-10-02,15:00:00,1.263,1.26642,1.26149,1.26601,0,0
2014-10-02,16:00:00,1.26597,1.2691,1.265,1.2656,0,0
2014-10-02,17:00:00,1.26561,1.26627,1.26247,1.26525,0,0
2014-10-02,18:00:00,1.26525,1.26699,1.26406,1.26689,0,0
2014-10-02,19:00:00,1.26689,1.26791,1.26543,1.26754,0,0
2014-10-02,20:00:00,1.26747,1.26809,1.26675,1.26771,0,0
2014-10-02,21:00:00,1.26771,1.26981,1.26728,1.2674,0,0
2014-10-02,22:00:00,1.26739,1.26741,1.26624,1.26628,0,0
2014-10-02,23:00:00,1.26628,1.26689,1.26622,1.26683,0,0
2014-10-02,23:59:00,1.26681,1.26745,1.26676,1.26687,0,0
2014-10-03,01:00:00,1.2669,1.2671,1.26672,1.26697,0,0
2014-10-03,02:00:00,1.26696,1.2671,1.2668,1.2668,0,0
2014-10-03,03:00:00,1.26679,1.26689,1.2655,1.26584,0,0
2014-10-03,04:00:00,1.26586,1.26625,1.26541,1.26566,0,0
2014-10-03,05:00:00,1.26566,1.26598,1.26521,1.26568,0,0
2014-10-03,06:00:00,1.26568,1.26588,1.26517,1.26546,0,0
2014-10-03,07:00:00,1.26547,1.26579,1.26534,1.26571,0,0
2014-10-03,08:00:00,1.26571,1.26572,1.26476,1.26487,0,0
2014-10-03,09:00:00,1.26481,1.26493,1.26408,1.26437,0,0
2014-10-03,10:00:00,1.26435,1.2652,1.26422,1.26428,0,0
2014-10-03,11:00:00,1.26424,1.26445,1.26262,1.26298,0,0
2014-10-03,12:00:00,1.26302,1.26338,1.26206,1.26209,0,0
2014-10-03,13:00:00,1.26209,1.26217,1.26114,1.26179,0,0
2014-10-03,14:00:00,1.26184,1.26253,1.26123,1.26139,0,0
2014-10-03,15:00:00,1.26139,1.26175,1.25173,1.25394,0,0
2014-10-03,16:00:00,1.25393,1.25485,1.25133,1.25219,0,0
2014-10-03,17:00:00,1.2521,1.25212,1.25005,1.25106,0,0
2014-10-03,18:00:00,1.25106,1.25232,1.25046,1.25161,0,0
2014-10-03,19:00:00,1.25158,1.25173,1.25035,1.25124,0,0
2014-10-03,20:00:00,1.25122,1.25149,1.25091,1.25139,0,0
2014-10-03,21:00:00,1.25138,1.25163,1.25078,1.25078,0,0
2014-10-03,22:00:00,1.25079,1.25117,1.25078,1.25104,0,0
2014-10-03,23:00:00,1.25107,1.25107,1.25107,1.25107,0,0
2014-10-06,01:00:00,1.25115,1.25131,1.25088,1.25095,0,0
2014-10-06,02:00:00,1.25092,1.25134,1.2508,1.25125,0,0
2014-10-06,03:00:00,1.25124,1.25194,1.25116,1.25159,0,0
2014-10-06,04:00:00,1.2516,1.25206,1.25148,1.25153,0,0
2014-10-06,05:00:00,1.25152,1.25182,1.25143,1.25163,0,0
2014-10-06,06:00:00,1.25164,1.25185,1.25153,1.2518,0,0
2014-10-06,07:00:00,1.2518,1.25186,1.25159,1.25182,0,0
2014-10-06,08:00:00,1.25181,1.25226,1.25171,1.25187,0,0
2014-10-06,09:00:00,1.25188,1.25334,1.25132,1.25294,0,0
2014-10-06,10:00:00,1.25293,1.25378,1.2528,1.25364,0,0
2014-10-06,11:00:00,1.25369,1.2546,1.25328,1.25458,0,0
2014-10-06,12:00:00,1.25458,1.25485,1.2538,1.25432,0,0
2014-10-06,13:00:00,1.25432,1.25577,1.25409,1.25517,0,0
2014-10-06,14:00:00,1.25516,1.25665,1.25515,1.25664,0,0
2014-10-06,15:00:00,1.25665,1.2569,1.25457,1.25538,0,0
2014-10-06,16:00:00,1.25538,1.25588,1.25421,1.25577,0,0
2014-10-06,17:00:00,1.25577,1.25759,1.25555,1.25678,0,0
2014-10-06,18:00:00,1.25679,1.25942,1.25638,1.25915,0,0
2014-10-06,19:00:00,1.25915,1.25959,1.25735,1.25945,0,0
2014-10-06,20:00:00,1.25945,1.26059,1.25899,1.25959,0,0
2014-10-06,21:00:00,1.25958,1.26508,1.25957,1.26254,0,0
2014-10-06,22:00:00,1.26254,1.26734,1.26191,1.26438,0,0
2014-10-06,23:00:00,1.26434,1.26587,1.26425,1.26538,0,0
2014-10-06,23:59:00,1.26541,1.2661,1.26483,1.26532,0,0
2014-10-07,01:00:00,1.26535,1.26564,1.26491,1.26531,0,0
2014-10-07,02:00:00,1.26531,1.26533,1.26426,1.26429,0,0
2014-10-07,03:00:00,1.26429,1.2644,1.26255,1.26256,0,0
2014-10-07,04:00:00,1.26256,1.26269,1.261,1.26173,0,0
2014-10-07,05:00:00,1.26173,1.2619,1.26047,1.26143,0,0
2014-10-07,06:00:00,1.26143,1.26233,1.26092,1.26177,0,0
2014-10-07,07:00:00,1.26176,1.26283,1.26116,1.26214,0,0
2014-10-07,08:00:00,1.26213,1.26341,1.26167,1.26175,0,0
2014-10-07,09:00:00,1.26175,1.26338,1.26068,1.26313,0,0
2014-10-07,10:00:00,1.26314,1.26634,1.26282,1.26393,0,0
2014-10-07,11:00:00,1.26395,1.26423,1.26145,1.26328,0,0
2014-10-07,12:00:00,1.26327,1.26341,1.25934,1.25955,0,0
2014-10-07,13:00:00,1.25963,1.26027,1.25838,1.25934,0,0
2014-10-07,14:00:00,1.25941,1.26167,1.2587,1.26114,0,0
2014-10-07,15:00:00,1.26114,1.26281,1.26028,1.26145,0,0
2014-10-07,16:00:00,1.26145,1.2655,1.26116,1.26402,0,0
2014-10-07,17:00:00,1.26404,1.26425,1.26144,1.26289,0,0
2014-10-07,18:00:00,1.26286,1.26339,1.26178,1.26255,0,0
2014-10-07,19:00:00,1.26256,1.26606,1.26255,1.2651,0,0
2014-10-07,20:00:00,1.26512,1.26563,1.26316,1.26422,0,0
2014-10-07,21:00:00,1.26422,1.26637,1.26422,1.26614,0,0
2014-10-07,22:00:00,1.26628,1.26817,1.2654,1.26611,0,0
2014-10-07,23:00:00,1.26615,1.2673,1.26606,1.26679,0,0
2014-10-07,23:59:00,1.26673,1.267,1.26625,1.26645,0,0
2014-10-08,01:00:00,1.26645,1.26684,1.26618,1.26684,0,0
2014-10-08,02:00:00,1.26684,1.2683,1.26645,1.26648,0,0
2014-10-08,03:00:00,1.26646,1.26655,1.26456,1.26522,0,0
2014-10-08,04:00:00,1.26524,1.26535,1.26387,1.26485,0,0
2014-10-08,05:00:00,1.26485,1.26509,1.26296,1.26308,0,0
2014-10-08,06:00:00,1.26308,1.26358,1.26273,1.26355,0,0
2014-10-08,07:00:00,1.26355,1.26391,1.26317,1.26327,0,0
2014-10-08,08:00:00,1.26326,1.26339,1.26273,1.26309,0,0
2014-10-08,09:00:00,1.26309,1.2637,1.26221,1.26368,0,0
2014-10-08,10:00:00,1.26369,1.26566,1.26346,1.26522,0,0
2014-10-08,11:00:00,1.26524,1.26669,1.26445,1.2664,0,0
2014-10-08,12:00:00,1.2664,1.26836,1.26542,1.26563,0,0
2014-10-08,13:00:00,1.26563,1.26674,1.2656,1.26611,0,0
2014-10-08,14:00:00,1.26608,1.26663,1.26452,1.26482,0,0
2014-10-08,15:00:00,1.26482,1.26741,1.26409,1.26675,0,0
2014-10-08,16:00:00,1.26675,1.26792,1.26626,1.26716,0,0
2014-10-08,17:00:00,1.26711,1.26903,1.26579,1.26858,0,0
2014-10-08,18:00:00,1.2686,1.26906,1.26719,1.26815,0,0
2014-10-08,19:00:00,1.26826,1.26878,1.26738,1.26776,0,0
2014-10-08,20:00:00,1.26777,1.26795,1.26518,1.26561,0,0
2014-10-08,21:00:00,1.26566,1.2748,1.26565,1.27317,0,0
2014-10-08,22:00:00,1.27315,1.27485,1.27136,1.27408,0,0
2014-10-08,23:00:00,1.27408,1.2743,1.27325,1.27327,0,0
2014-10-08,23:59:00,1.27325,1.2738,1.27292,1.27294,0,0
2014-10-09,01:00:00,1.27296,1.27332,1.27267,1.27289,0,0
2014-10-09,02:00:00,1.2729,1.27542,1.2729,1.27402,0,0
2014-10-09,03:00:00,1.274,1.27401,1.27193,1.27346,0,0
2014-10-09,04:00:00,1.27344,1.27437,1.27232,1.27336,0,0
2014-10-09,05:00:00,1.27334,1.27402,1.2725,1.27292,0,0
2014-10-09,06:00:00,1.27292,1.27514,1.27257,1.27431,0,0
2014-10-09,07:00:00,1.27431,1.27589,1.2743,1.2749,0,0
2014-10-09,08:00:00,1.27492,1.27506,1.27379,1.27386,0,0
2014-10-09,09:00:00,1.27386,1.27672,1.27309,1.27608,0,0
2014-10-09,10:00:00,1.27612,1.27905,1.27514,1.27838,0,0
2014-10-09,11:00:00,1.27838,1.27887,1.27586,1.27602,0,0
2014-10-09,12:00:00,1.27601,1.27715,1.27517,1.27601,0,0
2014-10-09,13:00:00,1.27601,1.27666,1.27511,1.27611,0,0
2014-10-09,14:00:00,1.27606,1.27835,1.27596,1.27683,0,0
2014-10-09,15:00:00,1.27684,1.2777,1.27187,1.2732,0,0
2014-10-09,16:00:00,1.2732,1.27324,1.27035,1.27227,0,0
2014-10-09,17:00:00,1.27233,1.27324,1.27091,1.27125,0,0
2014-10-09,18:00:00,1.27122,1.27225,1.26752,1.26828,0,0
2014-10-09,19:00:00,1.26824,1.26879,1.26641,1.26859,0,0
2014-10-09,20:00:00,1.26857,1.27001,1.26753,1.26821,0,0
2014-10-09,21:00:00,1.26834,1.26915,1.26767,1.26875,0,0
2014-10-09,22:00:00,1.26881,1.26935,1.26797,1.26861,0,0
2014-10-09,23:00:00,1.2686,1.26921,1.26853,1.26897,0,0
2014-10-09,23:59:00,1.26897,1.2692,1.26867,1.2689,0,0
2014-10-10,01:00:00,1.26892,1.26895,1.26796,1.26837,0,0
2014-10-10,02:00:00,1.26838,1.269,1.26828,1.26879,0,0
2014-10-10,03:00:00,1.26879,1.27,1.26847,1.26988,0,0
2014-10-10,04:00:00,1.26989,1.27154,1.26959,1.2706,0,0
2014-10-10,05:00:00,1.27058,1.27094,1.26942,1.26954,0,0
2014-10-10,06:00:00,1.26954,1.26984,1.26917,1.26983,0,0
2014-10-10,07:00:00,1.26983,1.27035,1.26958,1.26993,0,0
2014-10-10,08:00:00,1.26991,1.27087,1.26979,1.27061,0,0
2014-10-10,09:00:00,1.27061,1.27083,1.26772,1.26855,0,0
2014-10-10,10:00:00,1.26855,1.26881,1.26605,1.26675,0,0
2014-10-10,11:00:00,1.26669,1.2671,1.26498,1.26702,0,0
2014-10-10,12:00:00,1.26702,1.26767,1.26628,1.26686,0,0
2014-10-10,13:00:00,1.26686,1.26746,1.26564,1.26681,0,0
2014-10-10,14:00:00,1.26681,1.26715,1.26436,1.26485,0,0
2014-10-10,15:00:00,1.26485,1.26548,1.2621,1.26315,0,0
2014-10-10,16:00:00,1.26315,1.26492,1.2631,1.26343,0,0
2014-10-10,17:00:00,1.26344,1.26375,1.2609,1.26254,0,0
2014-10-10,18:00:00,1.26254,1.2638,1.26225,1.26351,0,0
2014-10-10,19:00:00,1.26351,1.26447,1.26301,1.26379,0,0
2014-10-10,20:00:00,1.26379,1.26395,1.26216,1.26258,0,0
2014-10-10,21:00:00,1.2625,1.26273,1.2612,1.26139,0,0
2014-10-10,22:00:00,1.26139,1.26266,1.26054,1.26121,0,0
2014-10-10,23:00:00,1.26132,1.26133,1.26132,1.26133,0,0
2014-10-13,01:00:00,1.26283,1.2647,1.26261,1.26459,0,0
2014-10-13,02:00:00,1.26459,1.26467,1.26361,1.26393,0,0
2014-10-13,03:00:00,1.26393,1.26476,1.26335,1.26455,0,0
2014-10-13,04:00:00,1.26454,1.26878,1.26454,1.26863,0,0
2014-10-13,05:00:00,1.26863,1.2697,1.26783,1.26925,0,0
2014-10-13,06:00:00,1.26924,1.26946,1.26831,1.2692,0,0
2014-10-13,07:00:00,1.26918,1.26935,1.26781,1.26825,0,0
2014-10-13,08:00:00,1.26825,1.26871,1.26736,1.26776,0,0
2014-10-13,09:00:00,1.26778,1.26866,1.26581,1.26608,0,0
2014-10-13,10:00:00,1.26608,1.2671,1.26502,1.26703,0,0
2014-10-13,11:00:00,1.26703,1.26818,1.26649,1.26753,0,0
2014-10-13,12:00:00,1.26753,1.26806,1.26673,1.26801,0,0
2014-10-13,13:00:00,1.26801,1.26951,1.26761,1.2686,0,0
2014-10-13,14:00:00,1.2686,1.26937,1.26856,1.26879,0,0
2014-10-13,15:00:00,1.26879,1.26885,1.26753,1.26819,0,0
2014-10-13,16:00:00,1.2682,1.26988,1.26806,1.26853,0,0
2014-10-13,17:00:00,1.26852,1.26948,1.26792,1.26802,0,0
2014-10-13,18:00:00,1.26806,1.26932,1.26697,1.26856,0,0
2014-10-13,19:00:00,1.26855,1.26856,1.26646,1.26656,0,0
2014-10-13,20:00:00,1.26657,1.26784,1.26648,1.2677,0,0
2014-10-13,21:00:00,1.26769,1.2681,1.26734,1.26796,0,0
2014-10-13,22:00:00,1.26796,1.26926,1.2677,1.26892,0,0
2014-10-13,23:00:00,1.26887,1.27603,1.26886,1.27512,0,0
2014-10-13,23:59:00,1.27505,1.27678,1.274,1.27411,0,0
2014-10-14,01:00:00,1.2741,1.2743,1.27345,1.27353,0,0
2014-10-14,02:00:00,1.27351,1.27486,1.2721,1.27215,0,0
2014-10-14,03:00:00,1.27215,1.27231,1.27141,1.27212,0,0
2014-10-14,04:00:00,1.27212,1.27312,1.27177,1.27284,0,0
2014-10-14,05:00:00,1.27282,1.27297,1.27216,1.27262,0,0
2014-10-14,06:00:00,1.27262,1.27263,1.27181,1.27203,0,0
2014-10-14,07:00:00,1.27203,1.27225,1.2716,1.27217,0,0
2014-10-14,08:00:00,1.27217,1.27277,1.27111,1.27122,0,0
2014-10-14,09:00:00,1.27122,1.27219,1.2705,1.27055,0,0
2014-10-14,10:00:00,1.27055,1.27067,1.26899,1.27001,0,0
2014-10-14,11:00:00,1.26996,1.27054,1.26788,1.26798,0,0
2014-10-14,12:00:00,1.26805,1.26825,1.264,1.2648,0,0
2014-10-14,13:00:00,1.26473,1.26601,1.26454,1.26522,0,0
2014-10-14,14:00:00,1.26533,1.26653,1.2649,1.265,0,0
2014-10-14,15:00:00,1.26501,1.26583,1.2645,1.26523,0,0
2014-10-14,16:00:00,1.26522,1.26575,1.26451,1.26569,0,0
2014-10-14,17:00:00,1.26571,1.26786,1.26554,1.26666,0,0
2014-10-14,18:00:00,1.26663,1.2676,1.26572,1.26595,0,0
2014-10-14,19:00:00,1.26596,1.26683,1.26554,1.26606,0,0
2014-10-14,20:00:00,1.266,1.26646,1.2654,1.26561,0,0
2014-10-14,21:00:00,1.26563,1.26564,1.26403,1.26476,0,0
2014-10-14,22:00:00,1.26476,1.26583,1.26421,1.26546,0,0
2014-10-14,23:00:00,1.26546,1.26631,1.26498,1.2656,0,0
2014-10-14,23:59:00,1.2656,1.26602,1.26502,1.2658,0,0
2014-10-15,01:00:00,1.2658,1.2658,1.26419,1.26448,0,0
2014-10-15,02:00:00,1.26448,1.26453,1.26309,1.26411,0,0
2014-10-15,03:00:00,1.26415,1.26476,1.2635,1.26362,0,0
2014-10-15,04:00:00,1.26362,1.264,1.26245,1.26377,0,0
2014-10-15,05:00:00,1.26376,1.26415,1.26339,1.26415,0,0
2014-10-15,06:00:00,1.26414,1.26479,1.26377,1.26428,0,0
2014-10-15,07:00:00,1.26428,1.26462,1.26368,1.26399,0,0
2014-10-15,08:00:00,1.264,1.26459,1.26366,1.26395,0,0
2014-10-15,09:00:00,1.26398,1.26593,1.26386,1.26519,0,0
2014-10-15,10:00:00,1.26518,1.26612,1.26387,1.26458,0,0
2014-10-15,11:00:00,1.26455,1.26687,1.26432,1.26524,0,0
2014-10-15,12:00:00,1.26526,1.26543,1.26418,1.26449,0,0
2014-10-15,13:00:00,1.26452,1.26475,1.26376,1.26422,0,0
2014-10-15,14:00:00,1.26422,1.26757,1.26405,1.26702,0,0
2014-10-15,15:00:00,1.26701,1.27563,1.26645,1.27433,0,0
2014-10-15,16:00:00,1.27431,1.28849,1.27369,1.27749,0,0
2014-10-15,17:00:00,1.27749,1.27864,1.27426,1.2758,0,0
2014-10-15,18:00:00,1.27584,1.27971,1.27511,1.27774,0,0
2014-10-15,19:00:00,1.27783,1.28135,1.27777,1.27901,0,0
2014-10-15,20:00:00,1.27904,1.27983,1.27701,1.27819,0,0
2014-10-15,21:00:00,1.27828,1.27931,1.27708,1.27752,0,0
2014-10-15,22:00:00,1.27752,1.28157,1.27722,1.28065,0,0
2014-10-15,23:00:00,1.28067,1.28435,1.28003,1.28366,0,0
2014-10-15,23:59:00,1.28353,1.28353,1.28143,1.28152,0,0
2014-10-16,01:00:00,1.28152,1.28275,1.28081,1.28239,0,0
2014-10-16,02:00:00,1.28237,1.28262,1.28117,1.28196,0,0
2014-10-16,03:00:00,1.28195,1.28442,1.28125,1.28395,0,0
2014-10-16,04:00:00,1.28395,1.28436,1.28291,1.28305,0,0
2014-10-16,05:00:00,1.28305,1.28332,1.28244,1.28254,0,0
2014-10-16,06:00:00,1.28251,1.28299,1.28165,1.28188,0,0
2014-10-16,07:00:00,1.28188,1.28243,1.2813,1.28212,0,0
2014-10-16,08:00:00,1.28216,1.28231,1.2813,1.28138,0,0
2014-10-16,09:00:00,1.2814,1.28179,1.27851,1.27938,0,0
2014-10-16,10:00:00,1.27938,1.28039,1.27727,1.27935,0,0
2014-10-16,11:00:00,1.27935,1.28236,1.27852,1.27972,0,0
2014-10-16,12:00:00,1.27967,1.28164,1.27509,1.27511,0,0
2014-10-16,13:00:00,1.27508,1.27526,1.27057,1.27425,0,0
2014-10-16,14:00:00,1.27423,1.27658,1.27361,1.27394,0,0
2014-10-16,15:00:00,1.27398,1.27769,1.27339,1.27485,0,0
2014-10-16,16:00:00,1.27483,1.27651,1.2736,1.27458,0,0
2014-10-16,17:00:00,1.27458,1.2796,1.2732,1.27803,0,0
2014-10-16,18:00:00,1.27801,1.28139,1.27769,1.28099,0,0
2014-10-16,19:00:00,1.28095,1.28277,1.28032,1.28251,0,0
2014-10-16,20:00:00,1.28244,1.28392,1.28081,1.28087,0,0
2014-10-16,21:00:00,1.2808,1.28088,1.27915,1.27984,0,0
2014-10-16,22:00:00,1.27996,1.28053,1.27881,1.28045,0,0
2014-10-16,23:00:00,1.28045,1.28099,1.27995,1.28073,0,0
2014-10-16,23:59:00,1.28076,1.28086,1.27975,1.28032,0,0
2014-10-17,01:00:00,1.28032,1.28076,1.27928,1.28075,0,0
2014-10-17,02:00:00,1.28075,1.28141,1.28023,1.28042,0,0
2014-10-17,03:00:00,1.28043,1.28108,1.27987,1.28087,0,0
2014-10-17,04:00:00,1.28085,1.28147,1.28029,1.28029,0,0
2014-10-17,05:00:00,1.28034,1.28073,1.27997,1.28003,0,0
2014-10-17,06:00:00,1.28003,1.28019,1.27936,1.27958,0,0
2014-10-17,07:00:00,1.27958,1.27995,1.27937,1.27979,0,0
2014-10-17,08:00:00,1.27978,1.28093,1.27967,1.28064,0,0
2014-10-17,09:00:00,1.28064,1.28077,1.27804,1.27892,0,0
2014-10-17,10:00:00,1.2789,1.2797,1.27817,1.27855,0,0
2014-10-17,11:00:00,1.27855,1.2834,1.27827,1.28318,0,0
2014-10-17,12:00:00,1.28324,1.28358,1.28037,1.28099,0,0
2014-10-17,13:00:00,1.28108,1.28259,1.27996,1.28137,0,0
2014-10-17,14:00:00,1.28134,1.2834,1.28125,1.28334,0,0
2014-10-17,15:00:00,1.28336,1.28357,1.27862,1.28031,0,0
2014-10-17,16:00:00,1.28041,1.28041,1.27543,1.27581,0,0
2014-10-17,17:00:00,1.27584,1.27788,1.27559,1.27657,0,0
2014-10-17,18:00:00,1.27655,1.27693,1.27437,1.27544,0,0
2014-10-17,19:00:00,1.27544,1.27753,1.27534,1.27707,0,0
2014-10-17,20:00:00,1.27713,1.27788,1.27701,1.27759,0,0
2014-10-17,21:00:00,1.27756,1.27769,1.27623,1.27717,0,0
2014-10-17,22:00:00,1.27717,1.27744,1.27564,1.27597,0,0
2014-10-17,23:00:00,1.27597,1.27597,1.27597,1.27597,0,0
2014-10-20,01:00:00,1.27557,1.2756,1.27363,1.27416,0,0
2014-10-20,02:00:00,1.27415,1.27512,1.27374,1.27473,0,0
2014-10-20,03:00:00,1.27473,1.27579,1.27473,1.2752,0,0
2014-10-20,04:00:00,1.27517,1.27689,1.27491,1.27616,0,0
2014-10-20,05:00:00,1.27615,1.27689,1.27615,1.27658,0,0
2014-10-20,06:00:00,1.27658,1.27667,1.27547,1.27582,0,0
2014-10-20,07:00:00,1.27582,1.27582,1.27513,1.27557,0,0
2014-10-20,08:00:00,1.27557,1.27594,1.27532,1.27547,0,0
2014-10-20,09:00:00,1.27547,1.27578,1.27311,1.27347,0,0
2014-10-20,10:00:00,1.27345,1.27743,1.27345,1.27675,0,0
2014-10-20,11:00:00,1.27677,1.27777,1.27547,1.27558,0,0
2014-10-20,12:00:00,1.27557,1.27721,1.27519,1.27692,0,0
2014-10-20,13:00:00,1.27692,1.27754,1.27646,1.27697,0,0
2014-10-20,14:00:00,1.27698,1.27886,1.27686,1.27686,0,0
2014-10-20,15:00:00,1.27686,1.27838,1.27669,1.27672,0,0
2014-10-20,16:00:00,1.27671,1.27714,1.27555,1.27677,0,0
2014-10-20,17:00:00,1.2768,1.27831,1.2762,1.27801,0,0
2014-10-20,18:00:00,1.27801,1.27874,1.27748,1.2782,0,0
2014-10-20,19:00:00,1.2782,1.27987,1.27785,1.27946,0,0
2014-10-20,20:00:00,1.27946,1.28056,1.27917,1.27955,0,0
2014-10-20,21:00:00,1.27954,1.28105,1.2792,1.28075,0,0
2014-10-20,22:00:00,1.28075,1.28162,1.27984,1.28045,0,0
2014-10-20,23:00:00,1.28042,1.2807,1.27974,1.27998,0,0
2014-10-20,23:59:00,1.28,1.28007,1.27925,1.2794,0,0
2014-10-21,01:00:00,1.27948,1.28003,1.27918,1.27931,0,0
2014-10-21,02:00:00,1.27929,1.2795,1.27883,1.27939,0,0
2014-10-21,03:00:00,1.27939,1.28014,1.2791,1.2792,0,0
2014-10-21,04:00:00,1.2792,1.27956,1.27899,1.27917,0,0
2014-10-21,05:00:00,1.27917,1.28043,1.2791,1.28002,0,0
2014-10-21,06:00:00,1.28002,1.28116,1.27979,1.28097,0,0
2014-10-21,07:00:00,1.28095,1.28237,1.28082,1.28228,0,0
2014-10-21,08:00:00,1.28228,1.28239,1.28166,1.28187,0,0
2014-10-21,09:00:00,1.28186,1.28365,1.28106,1.28156,0,0
2014-10-21,10:00:00,1.28156,1.28392,1.28155,1.2827,0,0
2014-10-21,11:00:00,1.28271,1.28289,1.2807,1.2811,0,0
2014-10-21,12:00:00,1.2811,1.2816,1.27612,1.27632,0,0
2014-10-21,13:00:00,1.27634,1.27699,1.27536,1.27552,0,0
2014-10-21,14:00:00,1.27559,1.27835,1.27456,1.27801,0,0
2014-10-21,15:00:00,1.27805,1.27809,1.27493,1.27551,0,0
2014-10-21,16:00:00,1.27551,1.27608,1.27337,1.27394,0,0
2014-10-21,17:00:00,1.27392,1.27392,1.27161,1.27293,0,0
2014-10-21,18:00:00,1.27292,1.27311,1.27171,1.2724,0,0
2014-10-21,19:00:00,1.27242,1.27346,1.2723,1.27324,0,0
2014-10-21,20:00:00,1.27324,1.27423,1.27284,1.27362,0,0
2014-10-21,21:00:00,1.27361,1.27364,1.27208,1.27255,0,0
2014-10-21,22:00:00,1.27252,1.27273,1.27145,1.27148,0,0
2014-10-21,23:00:00,1.27144,1.27196,1.27137,1.27149,0,0
2014-10-21,23:59:00,1.2715,1.27188,1.27105,1.27111,0,0
2014-10-22,01:00:00,1.27111,1.27145,1.27064,1.27104,0,0
2014-10-22,02:00:00,1.27105,1.27143,1.27093,1.27135,0,0
2014-10-22,03:00:00,1.27128,1.27166,1.27094,1.27118,0,0
2014-10-22,04:00:00,1.27118,1.27259,1.27118,1.27243,0,0
2014-10-22,05:00:00,1.2724,1.27276,1.27181,1.27221,0,0
2014-10-22,06:00:00,1.27221,1.273,1.27221,1.2726,0,0
2014-10-22,07:00:00,1.27253,1.27262,1.27221,1.27238,0,0
2014-10-22,08:00:00,1.27236,1.27272,1.27205,1.27249,0,0
2014-10-22,09:00:00,1.27247,1.27395,1.27221,1.27331,0,0
2014-10-22,10:00:00,1.27332,1.27349,1.27023,1.27152,0,0
2014-10-22,11:00:00,1.27151,1.27153,1.26812,1.26893,0,0
2014-10-22,12:00:00,1.26893,1.26983,1.26872,1.26891,0,0
2014-10-22,13:00:00,1.26891,1.26974,1.26861,1.26901,0,0
2014-10-22,14:00:00,1.26904,1.27274,1.26904,1.27011,0,0
2014-10-22,15:00:00,1.27011,1.27044,1.2661,1.26644,0,0
2014-10-22,16:00:00,1.26644,1.26798,1.26592,1.26661,0,0
2014-10-22,17:00:00,1.26658,1.26689,1.2652,1.26664,0,0
2014-10-22,18:00:00,1.26663,1.26673,1.26467,1.26579,0,0
2014-10-22,19:00:00,1.26573,1.26661,1.2656,1.26635,0,0
2014-10-22,20:00:00,1.26636,1.2665,1.26523,1.26551,0,0
2014-10-22,21:00:00,1.26551,1.26558,1.26415,1.26445,0,0
2014-10-22,22:00:00,1.26452,1.26489,1.26371,1.26442,0,0
2014-10-22,23:00:00,1.26443,1.26485,1.26414,1.26473,0,0
2014-10-22,23:59:00,1.26466,1.26493,1.26414,1.26445,0,0
2014-10-23,01:00:00,1.26448,1.26473,1.26421,1.26471,0,0
2014-10-23,02:00:00,1.26475,1.26475,1.26402,1.26413,0,0
2014-10-23,03:00:00,1.26418,1.26495,1.26375,1.26383,0,0
2014-10-23,04:00:00,1.26383,1.26439,1.26328,1.26335,0,0
2014-10-23,05:00:00,1.26335,1.26384,1.26332,1.26337,0,0
2014-10-23,06:00:00,1.26337,1.26421,1.26329,1.26377,0,0
2014-10-23,07:00:00,1.26378,1.2639,1.26357,1.26382,0,0
2014-10-23,08:00:00,1.2638,1.26468,1.26368,1.26457,0,0
2014-10-23,09:00:00,1.26457,1.26492,1.26297,1.26363,0,0
2014-10-23,10:00:00,1.26363,1.26543,1.26133,1.26389,0,0
2014-10-23,11:00:00,1.2639,1.26667,1.2639,1.26607,0,0
2014-10-23,12:00:00,1.26606,1.26702,1.26536,1.26591,0,0
2014-10-23,13:00:00,1.26591,1.26753,1.2657,1.26661,0,0
2014-10-23,14:00:00,1.26657,1.26713,1.26577,1.26696,0,0
2014-10-23,15:00:00,1.26703,1.26712,1.26518,1.26593,0,0
2014-10-23,16:00:00,1.26593,1.26652,1.2644,1.26503,0,0
2014-10-23,17:00:00,1.26503,1.26537,1.26307,1.26471,0,0
2014-10-23,18:00:00,1.26471,1.26604,1.26417,1.2656,0,0
2014-10-23,19:00:00,1.26561,1.26616,1.26418,1.26418,0,0
2014-10-23,20:00:00,1.26421,1.26486,1.26394,1.26474,0,0
2014-10-23,21:00:00,1.26474,1.26495,1.26374,1.26491,0,0
2014-10-23,22:00:00,1.26492,1.26633,1.26474,1.26512,0,0
2014-10-23,23:00:00,1.26512,1.26515,1.26447,1.26451,0,0
2014-10-23,23:59:00,1.26451,1.26491,1.2642,1.26446,0,0
2014-10-24,01:00:00,1.26449,1.26534,1.26439,1.26505,0,0
2014-10-24,02:00:00,1.26506,1.26532,1.26469,1.26492,0,0
2014-10-24,03:00:00,1.2649,1.26607,1.26458,1.26557,0,0
2014-10-24,04:00:00,1.26557,1.26596,1.26514,1.26583,0,0
2014-10-24,05:00:00,1.26583,1.26583,1.26516,1.26524,0,0
2014-10-24,06:00:00,1.26524,1.26572,1.265,1.26556,0,0
2014-10-24,07:00:00,1.26556,1.26573,1.26508,1.26547,0,0
2014-10-24,08:00:00,1.26547,1.26578,1.26539,1.26545,0,0
2014-10-24,09:00:00,1.26544,1.26645,1.26457,1.26466,0,0
2014-10-24,10:00:00,1.26466,1.26494,1.26347,1.26408,0,0
2014-10-24,11:00:00,1.26408,1.26568,1.26385,1.26554,0,0
2014-10-24,12:00:00,1.26559,1.26566,1.2641,1.26448,0,0
2014-10-24,13:00:00,1.26448,1.26536,1.26425,1.26526,0,0
2014-10-24,14:00:00,1.26526,1.26628,1.26477,1.26598,0,0
2014-10-24,15:00:00,1.26598,1.26801,1.26461,1.26755,0,0
2014-10-24,16:00:00,1.26745,1.26902,1.2666,1.26814,0,0
2014-10-24,17:00:00,1.26821,1.2695,1.2659,1.26686,0,0
2014-10-24,18:00:00,1.26688,1.26757,1.2665,1.26737,0,0
2014-10-24,19:00:00,1.26737,1.26737,1.26595,1.26597,0,0
2014-10-24,20:00:00,1.26597,1.26743,1.26597,1.26728,0,0
2014-10-24,21:00:00,1.26728,1.26743,1.26634,1.26638,0,0
2014-10-24,22:00:00,1.26638,1.26694,1.26638,1.26673,0,0
2014-10-24,23:00:00,1.26671,1.26671,1.26671,1.26671,0,0
2014-10-27,01:00:00,1.26757,1.26857,1.26725,1.26757,0,0
2014-10-27,02:00:00,1.26758,1.26909,1.26752,1.26871,0,0
2014-10-27,03:00:00,1.26871,1.26986,1.26859,1.26986,0,0
2014-10-27,04:00:00,1.26985,1.2714,1.26925,1.27065,0,0
2014-10-27,05:00:00,1.27064,1.27095,1.27028,1.27054,0,0
2014-10-27,06:00:00,1.27057,1.27075,1.27018,1.2706,0,0
2014-10-27,07:00:00,1.2706,1.27076,1.27025,1.27049,0,0
2014-10-27,08:00:00,1.27041,1.27084,1.26933,1.26951,0,0
2014-10-27,09:00:00,1.2695,1.26965,1.26837,1.26909,0,0
2014-10-27,10:00:00,1.26911,1.27036,1.26852,1.26937,0,0
2014-10-27,11:00:00,1.26937,1.27054,1.26825,1.26838,0,0
2014-10-27,12:00:00,1.26838,1.2685,1.26681,1.26681,0,0
2014-10-27,13:00:00,1.26681,1.26773,1.26656,1.26739,0,0
2014-10-27,14:00:00,1.26739,1.26917,1.26739,1.26831,0,0
2014-10-27,15:00:00,1.26828,1.26855,1.26747,1.2682,0,0
2014-10-27,16:00:00,1.26821,1.27225,1.26815,1.2708,0,0
2014-10-27,17:00:00,1.2708,1.27144,1.27034,1.2711,0,0
2014-10-27,18:00:00,1.27109,1.27181,1.27096,1.27119,0,0
2014-10-27,19:00:00,1.27119,1.27138,1.27029,1.27042,0,0
2014-10-27,20:00:00,1.27045,1.27108,1.27041,1.27077,0,0
2014-10-27,21:00:00,1.27083,1.27085,1.27031,1.27054,0,0
2014-10-27,22:00:00,1.27056,1.27056,1.26972,1.26972,0,0
2014-10-27,23:00:00,1.26978,1.27014,1.26958,1.2697,0,0
2014-10-27,23:59:00,1.2697,1.2699,1.26954,1.26955,0,0
2014-10-28,01:00:00,1.26959,1.2703,1.26956,1.27022,0,0
2014-10-28,02:00:00,1.27021,1.27085,1.26967,1.27051,0,0
2014-10-28,03:00:00,1.27047,1.27135,1.27008,1.27096,0,0
2014-10-28,04:00:00,1.27096,1.27121,1.27076,1.27091,0,0
2014-10-28,05:00:00,1.27092,1.27151,1.27069,1.27089,0,0
2014-10-28,06:00:00,1.27089,1.27089,1.2704,1.27048,0,0
2014-10-28,07:00:00,1.27049,1.27066,1.26973,1.27002,0,0
2014-10-28,08:00:00,1.27008,1.27039,1.26988,1.2703,0,0
2014-10-28,09:00:00,1.2703,1.27187,1.2701,1.27138,0,0
2014-10-28,10:00:00,1.27138,1.27168,1.26969,1.26969,0,0
2014-10-28,11:00:00,1.26958,1.26985,1.26845,1.2696,0,0
2014-10-28,12:00:00,1.2696,1.27005,1.26875,1.26976,0,0
2014-10-28,13:00:00,1.26975,1.27094,1.26936,1.26993,0,0
2014-10-28,14:00:00,1.26995,1.27588,1.26986,1.27451,0,0
2014-10-28,15:00:00,1.27452,1.27641,1.27409,1.27409,0,0
2014-10-28,16:00:00,1.27411,1.27476,1.27202,1.27475,0,0
2014-10-28,17:00:00,1.27474,1.27524,1.27376,1.27458,0,0
2014-10-28,18:00:00,1.27462,1.27483,1.27395,1.27436,0,0
2014-10-28,19:00:00,1.27438,1.27491,1.27378,1.27385,0,0
2014-10-28,20:00:00,1.27384,1.27471,1.27351,1.27362,0,0
2014-10-28,21:00:00,1.27363,1.27387,1.27327,1.27385,0,0
2014-10-28,22:00:00,1.27385,1.27388,1.27316,1.2734,0,0
2014-10-28,23:00:00,1.27339,1.27354,1.27305,1.27332,0,0
2014-10-28,23:59:00,1.27332,1.27364,1.27322,1.27359,0,0
2014-10-29,01:00:00,1.27359,1.27381,1.27355,1.27371,0,0
2014-10-29,02:00:00,1.27374,1.27392,1.27306,1.27334,0,0
2014-10-29,03:00:00,1.27335,1.27391,1.27281,1.27381,0,0
2014-10-29,04:00:00,1.27387,1.27387,1.27348,1.2737,0,0
2014-10-29,05:00:00,1.27371,1.27402,1.27329,1.27349,0,0
2014-10-29,06:00:00,1.27349,1.2737,1.2734,1.27353,0,0
2014-10-29,07:00:00,1.27351,1.27392,1.27351,1.27384,0,0
2014-10-29,08:00:00,1.27384,1.27469,1.27347,1.27379,0,0
2014-10-29,09:00:00,1.27379,1.27455,1.2732,1.27384,0,0
2014-10-29,10:00:00,1.27384,1.27405,1.27236,1.27237,0,0
2014-10-29,11:00:00,1.27237,1.27337,1.27237,1.27293,0,0
2014-10-29,12:00:00,1.27295,1.27437,1.27283,1.27394,0,0
2014-10-29,13:00:00,1.27394,1.27449,1.27311,1.27311,0,0
2014-10-29,14:00:00,1.27311,1.27425,1.27288,1.27376,0,0
2014-10-29,15:00:00,1.27376,1.27439,1.27322,1.27402,0,0
2014-10-29,16:00:00,1.27402,1.27689,1.274,1.27581,0,0
2014-10-29,17:00:00,1.2758,1.27695,1.27561,1.27607,0,0
2014-10-29,18:00:00,1.27603,1.27659,1.27496,1.27559,0,0
2014-10-29,19:00:00,1.27559,1.2756,1.27222,1.27322,0,0
2014-10-29,20:00:00,1.27315,1.27335,1.26328,1.26457,0,0
2014-10-29,21:00:00,1.26457,1.26527,1.26367,1.26381,0,0
2014-10-29,22:00:00,1.26386,1.26417,1.26304,1.26314,0,0
2014-10-29,23:00:00,1.26314,1.26376,1.2626,1.26354,0,0
2014-10-29,23:59:00,1.26355,1.26391,1.26343,1.26374,0,0
2014-10-30,01:00:00,1.2637,1.26391,1.26304,1.26315,0,0
2014-10-30,02:00:00,1.26316,1.26328,1.26191,1.26242,0,0
2014-10-30,03:00:00,1.26242,1.26252,1.26164,1.26243,0,0
2014-10-30,04:00:00,1.26243,1.26272,1.26215,1.26246,0,0
2014-10-30,05:00:00,1.26247,1.26251,1.26177,1.26182,0,0
2014-10-30,06:00:00,1.26182,1.26204,1.2605,1.26076,0,0
2014-10-30,07:00:00,1.26077,1.2608,1.25865,1.25966,0,0
2014-10-30,08:00:00,1.25966,1.2604,1.2593,1.2598,0,0
2014-10-30,09:00:00,1.25958,1.26025,1.25836,1.25892,0,0
2014-10-30,10:00:00,1.25892,1.25892,1.25561,1.25735,0,0
2014-10-30,11:00:00,1.25734,1.25925,1.25548,1.25856,0,0
2014-10-30,12:00:00,1.25858,1.25979,1.2583,1.25865,0,0
2014-10-30,13:00:00,1.25867,1.25971,1.25821,1.25845,0,0
2014-10-30,14:00:00,1.25846,1.26075,1.25467,1.26005,0,0
2014-10-30,15:00:00,1.26005,1.26136,1.25916,1.26081,0,0
2014-10-30,16:00:00,1.26075,1.26256,1.26067,1.26221,0,0
2014-10-30,17:00:00,1.26226,1.26232,1.26074,1.2621,0,0
2014-10-30,18:00:00,1.26209,1.26311,1.26166,1.26177,0,0
2014-10-30,19:00:00,1.26178,1.26184,1.26069,1.26093,0,0
2014-10-30,20:00:00,1.26091,1.26157,1.26064,1.26121,0,0
2014-10-30,21:00:00,1.26121,1.26142,1.26029,1.26032,0,0
2014-10-30,22:00:00,1.26036,1.26132,1.26033,1.2613,0,0
2014-10-30,23:00:00,1.26127,1.26173,1.26114,1.26129,0,0
2014-10-30,23:59:00,1.26128,1.26152,1.26045,1.26045,0,0
2014-10-31,01:00:00,1.26045,1.26139,1.26028,1.2609,0,0
2014-10-31,02:00:00,1.26089,1.2609,1.25991,1.26042,0,0
2014-10-31,03:00:00,1.26042,1.2608,1.25992,1.25995,0,0
2014-10-31,04:00:00,1.25995,1.26011,1.25951,1.26005,0,0
2014-10-31,05:00:00,1.26005,1.26029,1.25981,1.26023,0,0
2014-10-31,06:00:00,1.26024,1.2603,1.25834,1.25867,0,0
2014-10-31,07:00:00,1.25866,1.25866,1.25662,1.25678,0,0
2014-10-31,08:00:00,1.25678,1.25794,1.25592,1.2563,0,0
2014-10-31,09:00:00,1.25632,1.25785,1.25409,1.25689,0,0
2014-10-31,10:00:00,1.25657,1.25788,1.2558,1.25721,0,0
2014-10-31,11:00:00,1.25731,1.25749,1.25484,1.25628,0,0
2014-10-31,12:00:00,1.25628,1.25863,1.25584,1.25767,0,0
2014-10-31,13:00:00,1.25768,1.25908,1.25735,1.25826,0,0
2014-10-31,14:00:00,1.25822,1.25825,1.25203,1.25252,0,0
2014-10-31,15:00:00,1.25222,1.25311,1.24856,1.25131,0,0
2014-10-31,16:00:00,1.25135,1.25181,1.24971,1.25076,0,0
2014-10-31,17:00:00,1.25068,1.25298,1.24899,1.25289,0,0
2014-10-31,18:00:00,1.25288,1.25385,1.2523,1.25338,0,0
2014-10-31,19:00:00,1.25339,1.25436,1.25274,1.25307,0,0
2014-10-31,20:00:00,1.25307,1.25375,1.25253,1.25257,0,0
2014-10-31,21:00:00,1.25259,1.25368,1.25259,1.25301,0,0
2014-10-31,22:00:00,1.25301,1.25349,1.25207,1.25221,0,0
2014-10-31,23:00:00,1.25241,1.25241,1.25232,1.25232,0,0
2014-11-03,01:00:00,1.25091,1.25113,1.25016,1.2502,0,0
2014-11-03,02:00:00,1.25019,1.25103,1.24374,1.24616,0,0
2014-11-03,03:00:00,1.24622,1.24787,1.24467,1.24667,0,0
2014-11-03,04:00:00,1.24664,1.24802,1.24662,1.24799,0,0
2014-11-03,05:00:00,1.248,1.24831,1.24762,1.24813,0,0
2014-11-03,06:00:00,1.24815,1.24846,1.24784,1.24834,0,0
2014-11-03,07:00:00,1.24833,1.24869,1.24809,1.24836,0,0
2014-11-03,08:00:00,1.24837,1.24982,1.24828,1.24931,0,0
2014-11-03,09:00:00,1.24931,1.25049,1.24832,1.24933,0,0
2014-11-03,10:00:00,1.24933,1.2501,1.2488,1.24986,0,0
2014-11-03,11:00:00,1.24984,1.25089,1.24915,1.24969,0,0
2014-11-03,12:00:00,1.24971,1.25057,1.24895,1.25001,0,0
2014-11-03,13:00:00,1.25002,1.25011,1.24894,1.24982,0,0
2014-11-03,14:00:00,1.2498,1.25059,1.24941,1.24943,0,0
2014-11-03,15:00:00,1.24939,1.25091,1.24855,1.25046,0,0
2014-11-03,16:00:00,1.25046,1.25051,1.24916,1.24936,0,0
2014-11-03,17:00:00,1.24934,1.25058,1.24746,1.24835,0,0
2014-11-03,18:00:00,1.24833,1.24954,1.24776,1.24866,0,0
2014-11-03,19:00:00,1.24861,1.24876,1.24775,1.24846,0,0
2014-11-03,20:00:00,1.24852,1.24881,1.24708,1.24816,0,0
2014-11-03,21:00:00,1.24816,1.24963,1.2478,1.24882,0,0
2014-11-03,22:00:00,1.24882,1.24948,1.24859,1.24906,0,0
2014-11-03,23:00:00,1.24911,1.24917,1.24803,1.24818,0,0
2014-11-03,23:59:00,1.24816,1.24925,1.24809,1.24902,0,0
2014-11-04,01:00:00,1.24879,1.24974,1.24868,1.24916,0,0
2014-11-04,02:00:00,1.24917,1.25039,1.24896,1.24988,0,0
2014-11-04,03:00:00,1.24989,1.25082,1.2496,1.24991,0,0
2014-11-04,04:00:00,1.24991,1.25084,1.24946,1.25069,0,0
2014-11-04,05:00:00,1.25068,1.253,1.25065,1.25256,0,0
2014-11-04,06:00:00,1.25256,1.25286,1.25171,1.25178,0,0
2014-11-04,07:00:00,1.25179,1.25253,1.25172,1.25228,0,0
2014-11-04,08:00:00,1.25229,1.25274,1.25132,1.25158,0,0
2014-11-04,09:00:00,1.25156,1.25161,1.25005,1.25054,0,0
2014-11-04,10:00:00,1.25054,1.25163,1.25021,1.25105,0,0
2014-11-04,11:00:00,1.25097,1.25129,1.25029,1.25114,0,0
2014-11-04,12:00:00,1.25109,1.25291,1.24999,1.25227,0,0
2014-11-04,13:00:00,1.25233,1.25236,1.25109,1.25124,0,0
2014-11-04,14:00:00,1.25127,1.25176,1.25104,1.25132,0,0
2014-11-04,15:00:00,1.25137,1.25244,1.25104,1.25219,0,0
2014-11-04,16:00:00,1.25218,1.25219,1.25049,1.25108,0,0
2014-11-04,17:00:00,1.25096,1.25768,1.25096,1.25703,0,0
2014-11-04,18:00:00,1.25706,1.25728,1.25501,1.2553,0,0
2014-11-04,19:00:00,1.2553,1.25538,1.25415,1.25449,0,0
2014-11-04,20:00:00,1.2545,1.25539,1.25408,1.25523,0,0
2014-11-04,21:00:00,1.25523,1.25571,1.25503,1.25556,0,0
2014-11-04,22:00:00,1.25556,1.25569,1.25436,1.25448,0,0
2014-11-04,23:00:00,1.25448,1.25476,1.2542,1.25453,0,0
2014-11-04,23:59:00,1.25456,1.25525,1.25397,1.25524,0,0
2014-11-05,01:00:00,1.25523,1.25589,1.255,1.25515,0,0
2014-11-05,02:00:00,1.25515,1.25568,1.25465,1.25559,0,0
2014-11-05,03:00:00,1.25563,1.2563,1.25538,1.25563,0,0
2014-11-05,04:00:00,1.25563,1.25578,1.25505,1.25561,0,0
2014-11-05,05:00:00,1.2556,1.25664,1.25553,1.25618,0,0
2014-11-05,06:00:00,1.25618,1.2564,1.25523,1.2557,0,0
2014-11-05,07:00:00,1.2557,1.25589,1.25388,1.25432,0,0
2014-11-05,08:00:00,1.25433,1.25451,1.25273,1.25325,0,0
2014-11-05,09:00:00,1.25325,1.25368,1.25155,1.25169,0,0
2014-11-05,10:00:00,1.25172,1.25219,1.2492,1.25019,0,0
2014-11-05,11:00:00,1.25016,1.25022,1.24806,1.24832,0,0
2014-11-05,12:00:00,1.24832,1.24941,1.24744,1.24863,0,0
2014-11-05,13:00:00,1.24873,1.24946,1.2471,1.2471,0,0
2014-11-05,14:00:00,1.24712,1.24849,1.24667,1.24734,0,0
2014-11-05,15:00:00,1.24733,1.25057,1.24692,1.24941,0,0
2014-11-05,16:00:00,1.2494,1.25033,1.24744,1.24744,0,0
2014-11-05,17:00:00,1.24749,1.2496,1.24573,1.24878,0,0
2014-11-05,18:00:00,1.24878,1.24936,1.24741,1.24872,0,0
2014-11-05,19:00:00,1.24872,1.24954,1.24783,1.24916,0,0
2014-11-05,20:00:00,1.24916,1.24941,1.24766,1.24799,0,0
2014-11-05,21:00:00,1.24799,1.24852,1.2475,1.24777,0,0
2014-11-05,22:00:00,1.24779,1.24836,1.24751,1.2482,0,0
2014-11-05,23:00:00,1.24819,1.24869,1.24818,1.24858,0,0
2014-11-05,23:59:00,1.24858,1.24864,1.24726,1.24748,0,0
2014-11-06,01:00:00,1.2476,1.24788,1.24715,1.24772,0,0
2014-11-06,02:00:00,1.24773,1.249,1.24731,1.24773,0,0
2014-11-06,03:00:00,1.24773,1.24904,1.2477,1.24846,0,0
2014-11-06,04:00:00,1.24845,1.24938,1.24803,1.2482,0,0
2014-11-06,05:00:00,1.2482,1.2492,1.24805,1.24899,0,0
2014-11-06,06:00:00,1.24899,1.25148,1.24862,1.25138,0,0
2014-11-06,07:00:00,1.25137,1.25291,1.25071,1.25239,0,0
2014-11-06,08:00:00,1.25239,1.25286,1.2516,1.25214,0,0
2014-11-06,09:00:00,1.25214,1.25235,1.25057,1.25065,0,0
2014-11-06,10:00:00,1.25061,1.25164,1.24951,1.25048,0,0
2014-11-06,11:00:00,1.25046,1.25131,1.25004,1.25095,0,0
2014-11-06,12:00:00,1.25096,1.25259,1.2504,1.25125,0,0
2014-11-06,13:00:00,1.25125,1.25326,1.25103,1.25189,0,0
2014-11-06,14:00:00,1.25189,1.25282,1.25094,1.25203,0,0
2014-11-06,15:00:00,1.25206,1.25257,1.23976,1.24176,0,0
2014-11-06,16:00:00,1.2418,1.24466,1.2399,1.24427,0,0
2014-11-06,17:00:00,1.24437,1.24437,1.24211,1.24355,0,0
2014-11-06,18:00:00,1.24352,1.24377,1.24072,1.24121,0,0
2014-11-06,19:00:00,1.24121,1.2415,1.2395,1.23974,0,0
2014-11-06,20:00:00,1.23974,1.24012,1.23851,1.23912,0,0
2014-11-06,21:00:00,1.23912,1.23933,1.23826,1.23865,0,0
2014-11-06,22:00:00,1.23865,1.23882,1.23744,1.2376,0,0
2014-11-06,23:00:00,1.23753,1.23772,1.23645,1.23737,0,0
2014-11-06,23:59:00,1.23736,1.238,1.23694,1.23786,0,0
2014-11-07,01:00:00,1.23785,1.23822,1.23718,1.23792,0,0
2014-11-07,02:00:00,1.23794,1.23861,1.23751,1.23785,0,0
2014-11-07,03:00:00,1.23791,1.23824,1.23737,1.23797,0,0
2014-11-07,04:00:00,1.23793,1.2385,1.23772,1.23798,0,0
2014-11-07,05:00:00,1.23798,1.23841,1.23778,1.23782,0,0
2014-11-07,06:00:00,1.23782,1.23792,1.23682,1.23711,0,0
2014-11-07,07:00:00,1.23709,1.23803,1.23708,1.23783,0,0
2014-11-07,08:00:00,1.23772,1.23858,1.23755,1.23797,0,0
2014-11-07,09:00:00,1.23795,1.23964,1.23758,1.23849,0,0
2014-11-07,10:00:00,1.23844,1.24006,1.23839,1.23946,0,0
2014-11-07,11:00:00,1.23947,1.24006,1.23855,1.23935,0,0
2014-11-07,12:00:00,1.23935,1.24072,1.23904,1.24044,0,0
2014-11-07,13:00:00,1.24044,1.24056,1.23934,1.23936,0,0
2014-11-07,14:00:00,1.23933,1.23979,1.23895,1.23929,0,0
2014-11-07,15:00:00,1.23929,1.24407,1.2358,1.23789,0,0
2014-11-07,16:00:00,1.23792,1.24377,1.23785,1.24299,0,0
2014-11-07,17:00:00,1.24296,1.24408,1.2411,1.24133,0,0
2014-11-07,18:00:00,1.24136,1.24288,1.24117,1.24205,0,0
2014-11-07,19:00:00,1.24208,1.24393,1.24208,1.24325,0,0
2014-11-07,20:00:00,1.24324,1.24692,1.24295,1.24493,0,0
2014-11-07,21:00:00,1.24492,1.24521,1.24287,1.24408,0,0
2014-11-07,22:00:00,1.2441,1.24608,1.24385,1.24532,0,0
2014-11-07,23:00:00,1.24523,1.24524,1.24523,1.24524,0,0
2014-11-10,01:00:00,1.24628,1.24778,1.2459,1.24607,0,0
2014-11-10,02:00:00,1.24609,1.24665,1.2454,1.24594,0,0
2014-11-10,03:00:00,1.24595,1.24691,1.24534,1.2469,0,0
2014-11-10,04:00:00,1.24717,1.24885,1.24702,1.24749,0,0
2014-11-10,05:00:00,1.24751,1.24855,1.2473,1.24821,0,0
2014-11-10,06:00:00,1.24821,1.24856,1.24741,1.24806,0,0
2014-11-10,07:00:00,1.24806,1.24875,1.24744,1.24791,0,0
2014-11-10,08:00:00,1.24791,1.2485,1.24731,1.24733,0,0
2014-11-10,09:00:00,1.24738,1.24821,1.24648,1.24735,0,0
2014-11-10,10:00:00,1.24736,1.24809,1.24664,1.24751,0,0
2014-11-10,11:00:00,1.24749,1.24944,1.2473,1.24862,0,0
2014-11-10,12:00:00,1.24857,1.25084,1.24812,1.25064,0,0
2014-11-10,13:00:00,1.25064,1.25076,1.24818,1.24853,0,0
2014-11-10,14:00:00,1.24868,1.24955,1.24817,1.24869,0,0
2014-11-10,15:00:00,1.24869,1.24883,1.2474,1.24856,0,0
2014-11-10,16:00:00,1.2485,1.2485,1.24406,1.24407,0,0
2014-11-10,17:00:00,1.24396,1.24464,1.24288,1.24436,0,0
2014-11-10,18:00:00,1.24436,1.24442,1.24231,1.24236,0,0
2014-11-10,19:00:00,1.24253,1.24335,1.24216,1.24273,0,0
2014-11-10,20:00:00,1.2426,1.2434,1.24188,1.2434,0,0
2014-11-10,21:00:00,1.2434,1.24351,1.24217,1.24223,0,0
2014-11-10,22:00:00,1.24225,1.24237,1.24186,1.24212,0,0
2014-11-10,23:00:00,1.24215,1.24292,1.2419,1.24204,0,0
2014-11-10,23:59:00,1.24205,1.24261,1.24151,1.24239,0,0
