Date,Time,Open,High,Low,Close,Volume,OpenInt
2014-08-12,16:00:00,73.09,73.3301,72.77,72.99,6299364,0
2014-08-12,17:00:00,72.99,73,72.24,72.47,9036242,0
2014-08-12,18:00:00,72.46,72.79,72.22,72.539,4281067,0
2014-08-12,19:00:00,72.54,72.82,72.445,72.64,2745614,0
2014-08-12,20:00:00,72.65,72.69,72.47,72.52,1634737,0
2014-08-12,21:00:00,72.52,72.68,72.265,72.61,3330600,0
2014-08-12,22:00:00,72.6101,72.94,72.6,72.83,4318604,0
2014-08-13,16:00:00,73.13,73.63,73.05,73.37,5588921,0
2014-08-13,17:00:00,73.366,73.93,73.35,73.79,6644409,0
2014-08-13,18:00:00,73.785,74.25,73.71,74.12,6334586,0
2014-08-13,19:00:00,74.115,74.22,73.89,74.0501,4158134,0
2014-08-13,20:00:00,74.06,74.25,74.03,74.14,3124748,0
2014-08-13,21:00:00,74.15,74.17,73.91,74.05,2824349,0
2014-08-13,22:00:00,74.05,74.06,73.63,73.77,5698399,0
2014-08-14,16:00:00,73.97,74.38,73.74,73.93,5710797,0
2014-08-14,17:00:00,73.92,74.098,73.69,74.02,6567944,0
2014-08-14,18:00:00,74.01,74.24,73.78,73.91,4267105,0
2014-08-14,19:00:00,73.9,73.97,73.81,73.875,1783271,0
2014-08-14,20:00:00,73.88,74.03,73.81,73.9457,1962256,0
2014-08-14,21:00:00,73.95,74.04,73.861,74.0074,1939243,0
2014-08-14,22:00:00,74.01,74.33,73.99,74.3,4873116,0
2014-08-15,16:00:00,74.32,74.65,74.23,74.271,6682994,0
2014-08-15,17:00:00,74.28,74.439,73.44,73.58,9325292,0
2014-08-15,18:00:00,73.58,73.83,73,73.505,10880463,0
2014-08-15,19:00:00,73.5019,73.71,73.35,73.475,3889507,0
2014-08-15,20:00:00,73.48,73.58,73.32,73.45,3214626,0
2014-08-15,21:00:00,73.45,73.72,73.42,73.63,3161489,0
2014-08-15,22:00:00,73.631,73.66,73.43,73.63,7068385,0
2014-08-18,16:00:00,74,74.6,73.96,74.565,6422514,0
2014-08-18,17:00:00,74.56,74.72,74.48,74.6,6290927,0
2014-08-18,18:00:00,74.61,74.7,74.09,74.56,3898766,0
2014-08-18,19:00:00,74.57,74.65,74.47,74.55,2575034,0
2014-08-18,20:00:00,74.555,74.65,74.5,74.6099,2775556,0
2014-08-18,21:00:00,74.6,74.68,74.54,74.575,2853311,0
2014-08-18,22:00:00,74.58,74.69,74.49,74.59,21798120,0
2014-08-19,16:00:00,74.81,75.22,74.77,75.195,5955436,0
2014-08-19,17:00:00,75.191,75.2,75,75.069,4750706,0
2014-08-19,18:00:00,75.07,75.19,74.91,75.1799,3146440,0
2014-08-19,19:00:00,75.17,75.48,75.16,75.46,4491440,0
2014-08-19,20:00:00,75.4649,75.58,75.45,75.5,3103532,0
2014-08-19,21:00:00,75.51,75.52,74.51,75.5072,3247330,0
2014-08-19,22:00:00,75.505,75.55,75.27,75.29,4661891,0
2014-08-20,16:00:00,74.97,75.15,74.7,75.02,4152430,0
2014-08-20,17:00:00,75.02,75.18,74.8,75.0182,4809397,0
2014-08-20,18:00:00,75.015,75.02,74.75,74.82,3112822,0
2014-08-20,19:00:00,74.81,74.93,74.72,74.831,2589582,0
2014-08-20,20:00:00,74.82,74.83,74.62,74.68,2831908,0
2014-08-20,21:00:00,74.69,74.84,74.63,74.6997,3465776,0
2014-08-20,22:00:00,74.695,74.91,74.68,74.81,27540679,0
2014-08-21,16:00:00,74.93,75.19,74.84,75,4260692,0
2014-08-21,17:00:00,75.01,75.05,74.52,74.559,4502170,0
2014-08-21,18:00:00,74.557,74.74,74.48,74.5451,2894927,0
2014-08-21,19:00:00,74.54,74.8,74.4149,74.735,2540911,0
2014-08-21,20:00:00,74.73,74.96,74.68,74.709,2239545,0
2014-08-21,21:00:00,74.7,74.7801,74.63,74.7,1697724,0
2014-08-21,22:00:00,74.705,74.71,74.51,74.57,14651528,0
2014-08-22,16:00:00,74.34,74.49,73.57,74.23,4859649,0
2014-08-22,17:00:00,74.22,74.64,74.01,74.24,5937887,0
2014-08-22,18:00:00,74.22,74.55,74.153,74.5,3314427,0
2014-08-22,19:00:00,74.493,74.689,74.33,74.64,2313383,0
2014-08-22,20:00:00,74.64,74.68,74.51,74.56,1686205,0
2014-08-22,21:00:00,74.56,74.72,74.46,74.69,2662142,0
2014-08-22,22:00:00,74.69,74.73,74.48,74.57,4066285,0
2014-08-25,16:00:00,74.94,75.28,74.91,75.045,4237213,0
2014-08-25,17:00:00,75.05,75.11,74.8,74.936,4743770,0
2014-08-25,18:00:00,74.935,75.15,74.9,74.9699,2911503,0
2014-08-25,19:00:00,74.967,75.06,74.79,75.06,2426781,0
2014-08-25,20:00:00,75.06,75.08,74.92,75.02,2035786,0
2014-08-25,21:00:00,75.03,75.06,74.88,75.039,2081546,0
2014-08-25,22:00:00,75.03,75.08,74.96,75.02,4141139,0
2014-08-26,16:00:00,75,75.2,74.73,75.1401,4557025,0
2014-08-26,17:00:00,75.14,75.25,75.01,75.24,4117120,0
2014-08-26,18:00:00,75.24,75.4,75.15,75.18,4121881,0
2014-08-26,19:00:00,75.18,75.305,75.15,75.26,1715985,0
2014-08-26,20:00:00,75.26,75.38,75.22,75.38,1568587,0
2014-08-26,21:00:00,75.375,75.81,75.375,75.8,4640366,0
2014-08-26,22:00:00,75.8,75.99,75.72,75.96,6661648,0
2014-08-27,16:00:00,75.27,75.49,74.46,74.59,10592323,0
2014-08-27,17:00:00,74.58,74.92,74.55,74.88,7416392,0
2014-08-27,18:00:00,74.88,74.91,74.56,74.815,6136089,0
2014-08-27,19:00:00,74.8101,74.95,74.74,74.95,3838721,0
2014-08-27,20:00:00,74.941,75.22,74.9,75.14,3995032,0
2014-08-27,21:00:00,75.1456,75.15,74.765,74.81,4097265,0
2014-08-27,22:00:00,74.81,74.82,74.56,74.63,7641601,0
2014-08-28,16:00:00,74,74.43,73.8,74.13,5680939,0
2014-08-28,17:00:00,74.14,74.24,73.93,74.13,5102175,0
2014-08-28,18:00:00,74.13,74.17,73.84,73.9,3156963,0
2014-08-28,19:00:00,73.8999,74.15,73.87,74.0401,2512691,0
2014-08-28,20:00:00,74.05,74.07,73.87,73.91,2115651,0
2014-08-28,21:00:00,73.9,73.95,73.83,73.859,2127458,0
2014-08-28,22:00:00,73.86,73.93,73.73,73.86,4894121,0
2014-08-29,16:00:00,74.3,74.43,74.01,74.26,4182388,0
2014-08-29,17:00:00,74.26,74.76,74.01,74.68,5865842,0
2014-08-29,18:00:00,74.68,74.79,74.55,74.76,3107048,0
2014-08-29,19:00:00,74.76,74.77,74.62,74.67,1771247,0
2014-08-29,20:00:00,74.6799,74.75,74.63,74.73,1800147,0
2014-08-29,21:00:00,74.72,74.79,74.67,74.71,1918970,0
2014-08-29,22:00:00,74.7,74.82,74.5,74.82,64483697,0
2014-09-02,16:00:00,75.01,75.49,74.82,75.35,5484079,0
2014-09-02,17:00:00,75.35,75.81,75.35,75.75,7088985,0
2014-09-02,18:00:00,75.75,75.75,75.55,75.6093,3413432,0
2014-09-02,19:00:00,75.605,76.1199,75.55,75.73,5897729,0
2014-09-02,20:00:00,75.73,76.18,75.65,76.11,4147909,0
2014-09-02,21:00:00,76.119,76.17,75.91,76.1101,2934270,0
2014-09-02,22:00:00,76.115,76.7,76.04,76.68,10506801,0
2014-09-03,16:00:00,77.14,77.48,76.9,76.95,7753817,0
2014-09-03,17:00:00,76.95,77.165,76.07,76.35,8988641,0
2014-09-03,18:00:00,76.34,76.37,75.65,75.83,6262803,0
2014-09-03,19:00:00,75.837,76.4399,75.6,76.321,4374821,0
2014-09-03,20:00:00,76.329,76.38,76.03,76.23,2074773,0
2014-09-03,21:00:00,76.23,76.32,75.76,75.785,3135105,0
2014-09-03,22:00:00,75.785,75.88,75.6,75.83,5611788,0
2014-09-04,16:00:00,75.9,76.71,75.83,76.551,4850854,0
2014-09-04,17:00:00,76.56,76.93,76.54,76.77,5352727,0
2014-09-04,18:00:00,76.77,76.9,76.53,76.63,3657147,0
2014-09-04,19:00:00,76.6299,76.69,76.33,76.46,2323522,0
2014-09-04,20:00:00,76.45,76.77,76.4,76.68,1774352,0
2014-09-04,21:00:00,76.67,76.92,76.11,76.16,3970248,0
2014-09-04,22:00:00,76.1499,76.21,75.53,75.95,7735179,0
2014-09-05,16:00:00,76.1,76.29,75.598,76.08,4647501,0
2014-09-05,17:00:00,76.09,76.13,75.64,75.81,4482510,0
2014-09-05,18:00:00,75.82,76.45,75.775,76.35,4437397,0
2014-09-05,19:00:00,76.35,76.62,76.27,76.49,2628749,0
2014-09-05,20:00:00,76.49,76.68,76.4,76.68,2752130,0
2014-09-05,21:00:00,76.67,77.17,76.655,77.05,5644603,0
2014-09-05,22:00:00,77.05,77.37,77.04,77.26,8767845,0
2014-09-08,16:00:00,77.26,77.873,77.01,77.74,7053090,0
2014-09-08,17:00:00,77.755,78.17,77.45,78.091,7007558,0
2014-09-08,18:00:00,78.06,78.15,77.58,77.66,3887234,0
2014-09-08,19:00:00,77.655,77.99,77.5,77.82,3097203,0
2014-09-08,20:00:00,77.82,77.95,77.27,77.5299,3838869,0
2014-09-08,21:00:00,77.53,77.825,77.42,77.81,2628049,0
2014-09-08,22:00:00,77.81,77.93,77.67,77.89,4613365,0
2014-09-09,16:00:00,77.59,78.03,77.27,77.84,4056879,0
2014-09-09,17:00:00,77.84,78.17,77.3,77.42,5135976,0
2014-09-09,18:00:00,77.415,77.57,77.31,77.4212,2619648,0
2014-09-09,19:00:00,77.42,77.537,77.36,77.4126,1818471,0
2014-09-09,20:00:00,77.42,77.7,77.35,77.54,2544898,0
2014-09-09,21:00:00,77.54,77.58,76.86,77.01,4150178,0
2014-09-09,22:00:00,76.99,77,76.2,76.67,6323363,0
2014-09-10,16:00:00,76.53,77.37,76.51,76.9101,5479276,0
2014-09-10,17:00:00,76.93,77.21,76.58,77.16,4928061,0
2014-09-10,18:00:00,77.15,77.37,76.921,77.32,3282221,0
2014-09-10,19:00:00,77.32,77.6,77.24,77.415,3505355,0
2014-09-10,20:00:00,77.41,77.85,77.41,77.81,4092945,0
2014-09-10,21:00:00,77.81,77.95,77.7,77.8,4156182,0
2014-09-10,22:00:00,77.8,77.9,77.38,77.43,6150960,0
2014-09-11,16:00:00,77.13,77.94,77.05,77.82,5152811,0
2014-09-11,17:00:00,77.82,78.36,77.49,77.655,9474965,0
2014-09-11,18:00:00,77.66,78.28,77.58,77.921,3779311,0
2014-09-11,19:00:00,77.93,78.1,77.43,77.62,4382913,0
2014-09-11,20:00:00,77.62,77.67,77.05,77.2968,5091119,0
2014-09-11,21:00:00,77.29,77.69,77.26,77.6075,3148684,0
2014-09-11,22:00:00,77.61,78.05,77.59,77.92,5855109,0
2014-09-12,16:00:00,78.02,78.3,77.52,77.76,4281337,0
2014-09-12,17:00:00,77.76,77.89,77.46,77.8,5460003,0
2014-09-12,18:00:00,77.8,77.86,77.589,77.74,3508452,0
2014-09-12,19:00:00,77.75,77.79,77.57,77.685,2429723,0
2014-09-12,20:00:00,77.69,77.72,77.25,77.29,4011996,0
2014-09-12,21:00:00,77.28,77.52,77.13,77.13,3891563,0
2014-09-12,22:00:00,77.13,77.58,77.1,77.48,15727301,0
2014-09-15,16:00:00,77.15,77.25,76.17,76.531,5650082,0
2014-09-15,17:00:00,76.53,76.62,75.74,75.93,8694624,0
2014-09-15,18:00:00,75.92,75.92,74.83,75.165,9866706,0
2014-09-15,19:00:00,75.1632,77.04,74.92,75.03,5086721,0
2014-09-15,20:00:00,75.035,75.2,73.59,73.75,10945699,0
2014-09-15,21:00:00,73.7573,74.75,73.43,74.508,9945427,0
2014-09-15,22:00:00,74.51,74.92,74.43,74.58,7887929,0
2014-09-16,16:00:00,73.52,74.96,73.07,74.49,9312735,0
2014-09-16,17:00:00,74.5,75.26,74.23,74.794,8878829,0
2014-09-16,18:00:00,74.79,75.61,74.45,75.4699,6362016,0
2014-09-16,19:00:00,75.47,75.73,75.39,75.539,4160559,0
2014-09-16,20:00:00,75.54,75.94,75.54,75.84,3649002,0
2014-09-16,21:00:00,75.845,76.08,75.72,75.77,4464256,0
2014-09-16,22:00:00,75.775,76.23,75.74,76.08,11440907,0
2014-09-17,16:00:00,75.96,76.18,75.57,75.918,4300542,0
2014-09-17,17:00:00,75.91,76.365,75.89,76.1451,5568461,0
2014-09-17,18:00:00,76.14,76.4032,76.04,76.35,3215102,0
2014-09-17,19:00:00,76.35,76.51,76.11,76.19,2859171,0
2014-09-17,20:00:00,76.18,76.64,76.155,76.45,2451358,0
2014-09-17,21:00:00,76.4665,77,76.06,76.989,7238896,0
2014-09-17,22:00:00,76.99,77.25,76.41,76.43,7836418,0
2014-09-18,16:00:00,76.77,76.97,76.52,76.73,3392270,0
2014-09-18,17:00:00,76.71,77.26,76.67,77.009,5323315,0
2014-09-18,18:00:00,77,77.075,76.83,76.92,3201466,0
2014-09-18,19:00:00,76.92,77.33,76.9,77.175,3498075,0
2014-09-18,20:00:00,77.175,77.21,76.76,76.79,2970681,0
2014-09-18,21:00:00,76.79,76.98,76.71,76.81,2608634,0
2014-09-18,22:00:00,76.8,77.1,76.76,77,37592214,0
2014-09-19,16:00:00,77.4,77.45,76.79,77.23,4226068,0
2014-09-19,17:00:00,77.231,77.245,76.77,76.97,4174593,0
2014-09-19,18:00:00,76.964,77.089,76.8,77.02,3415647,0
2014-09-19,19:00:00,77,77.04,76.44,76.69,4806633,0
2014-09-19,20:00:00,76.69,77.28,76.62,77.18,3966821,0
2014-09-19,21:00:00,77.18,77.35,77.03,77.201,4042268,0
2014-09-19,22:00:00,77.21,78.3,77.18,77.91,31218443,0
2014-09-22,16:00:00,77,77.4,76.88,77.3,5047516,0
2014-09-22,17:00:00,77.31,77.53,76.527,76.665,7719074,0
2014-09-22,18:00:00,76.66,76.93,76.11,76.3,5340021,0
2014-09-22,19:00:00,76.31,76.57,76.06,76.39,3292590,0
2014-09-22,20:00:00,76.39,76.5,76.2,76.23,2451419,0
2014-09-22,21:00:00,76.22,76.38,75.95,76.28,3919690,0
2014-09-22,22:00:00,76.28,76.85,76.26,76.8,6115953,0
2014-09-23,16:00:00,76.29,77.38,76.04,77.38,6250917,0
2014-09-23,17:00:00,77.38,77.67,77.065,77.32,7180906,0
2014-09-23,18:00:00,77.32,77.9499,77.28,77.78,5051861,0
2014-09-23,19:00:00,77.78,78.05,77.68,77.88,3799619,0
2014-09-23,20:00:00,77.87,78,77.54,77.85,3606579,0
2014-09-23,21:00:00,77.84,77.9,77.56,77.8,3224702,0
2014-09-23,22:00:00,77.79,78.63,77.75,78.29,11703075,0
2014-09-24,16:00:00,78.1,78.36,77.7601,78.129,5230500,0
2014-09-24,17:00:00,78.15,78.33,77.51,77.67,6479185,0
2014-09-24,18:00:00,77.67,78.49,77.58,78.45,5166888,0
2014-09-24,19:00:00,78.455,78.48,78.06,78.1101,3564564,0
2014-09-24,20:00:00,78.12,78.49,77.93,78.3601,4490978,0
2014-09-24,21:00:00,78.37,78.54,78.21,78.47,4137413,0
2014-09-24,22:00:00,78.46,78.62,78.3,78.54,5485223,0
2014-09-25,16:00:00,78.6,78.94,77.92,78.05,5898485,0
2014-09-25,17:00:00,78.05,78.07,77.13,77.56,9535047,0
2014-09-25,18:00:00,77.57,78.06,77.255,77.8727,5808638,0
2014-09-25,19:00:00,77.8701,78.04,77.65,77.775,3923326,0
2014-09-25,20:00:00,77.78,78.35,77.67,77.86,4417581,0
2014-09-25,21:00:00,77.851,77.87,77.42,77.55,4959948,0
2014-09-25,22:00:00,77.54,77.59,77.21,77.22,6654070,0
2014-09-26,16:00:00,77.6,78.03,77.33,78,4306169,0
2014-09-26,17:00:00,78,78.44,77.99,78.31,6291206,0
2014-09-26,18:00:00,78.31,78.35,78.05,78.0665,3449686,0
2014-09-26,19:00:00,78.07,78.41,78.01,78.32,2183811,0
2014-09-26,20:00:00,78.32,78.65,78.32,78.59,3577241,0
2014-09-26,21:00:00,78.59,78.76,78.52,78.75,3973930,0
2014-09-26,22:00:00,78.745,78.8416,78.51,78.79,5877314,0
2014-09-29,16:00:00,78.13,78.74,77.91,78.47,5582932,0
2014-09-29,17:00:00,78.46,79.063,78.185,78.86,10630786,0
2014-09-29,18:00:00,78.855,79.09,78.745,78.89,5103943,0
2014-09-29,19:00:00,78.9,78.91,78.43,78.65,4687151,0
2014-09-29,20:00:00,78.65,78.95,78.58,78.92,2712531,0
2014-09-29,21:00:00,78.91,79,78.56,78.83,4247862,0
2014-09-29,22:00:00,78.83,79.199,77.942,79,7500952,0
2014-09-30,16:00:00,79.35,79.58,78.82,79.26,6107199,0
2014-09-30,17:00:00,79.25,79.7,78.75,79.45,7275068,0
2014-09-30,18:00:00,79.455,79.65,79.24,79.45,4964993,0
2014-09-30,19:00:00,79.45,79.64,79.26,79.34,3799829,0
2014-09-30,20:00:00,79.35,79.44,78.79,78.85,4006223,0
2014-09-30,21:00:00,78.84,78.8999,78.61,78.749,4638101,0
2014-09-30,22:00:00,78.745,79.19,78.6,79.04,9289514,0
2014-10-01,16:00:00,78.8,78.82,77.92,77.96,5820422,0
2014-10-01,17:00:00,77.96,78.065,76.17,76.57,17395522,0
2014-10-01,18:00:00,76.57,77.17,76.44,76.9,7222545,0
2014-10-01,19:00:00,76.9,76.96,76.43,76.77,5892251,0
2014-10-01,20:00:00,76.78,77.17,76.35,76.4295,6856186,0
2014-10-01,21:00:00,76.425,76.64,76.08,76.18,7274580,0
2014-10-01,22:00:00,76.19,76.7,75.9,76.55,10217228,0
2014-10-02,16:00:00,76.57,77.23,76.25,76.715,5670484,0
2014-10-02,17:00:00,76.715,77.21,76.04,76.083,7568590,0
2014-10-02,18:00:00,76.1,76.5,75.64,76.1,7732194,0
2014-10-02,19:00:00,76.1,77.079,76.01,77.04,5072137,0
2014-10-02,20:00:00,77.04,77.39,76.81,77.12,5501111,0
2014-10-02,21:00:00,77.11,77.48,77.05,77.36,4310893,0
2014-10-02,22:00:00,77.35,77.43,77.02,77.08,8697757,0
2014-10-03,16:00:00,77.76,77.8,77.26,77.635,4337387,0
2014-10-03,17:00:00,77.66,78.06,77.43,77.69,6836874,0
2014-10-03,18:00:00,77.68,77.75,77.28,77.4,2592458,0
2014-10-03,19:00:00,77.4,77.57,77.35,77.44,2193377,0
2014-10-03,20:00:00,77.435,77.83,77.34,77.7499,2582809,0
2014-10-03,21:00:00,77.75,77.94,77.71,77.75,2674977,0
2014-10-03,22:00:00,77.75,77.79,77.42,77.44,3724718,0
2014-10-06,16:00:00,77.18,77.65,76.85,76.99,5044144,0
2014-10-06,17:00:00,77,77.35,76.88,77.176,5432159,0
2014-10-06,18:00:00,77.16,77.5,77.02,77.2599,4138173,0
2014-10-06,19:00:00,77.259,77.59,77.24,77.52,3378922,0
2014-10-06,20:00:00,77.51,77.89,77.42,77.753,2987428,0
2014-10-06,21:00:00,77.753,77.89,77.55,77.57,2443279,0
2014-10-06,22:00:00,77.575,77.8,77.43,77.56,3941199,0
2014-10-07,16:00:00,77.06,77.4166,76.94,77.28,3020719,0
2014-10-07,17:00:00,77.301,77.95,77.15,77.53,5009600,0
2014-10-07,18:00:00,77.52,77.67,77.37,77.405,2478864,0
2014-10-07,19:00:00,77.41,77.72,77.23,77.23,2397370,0
2014-10-07,20:00:00,77.23,77.34,76.73,76.9901,3707957,0
2014-10-07,21:00:00,76.99,77.02,76.65,76.8299,3091742,0
2014-10-07,22:00:00,76.813,76.94,76.24,76.29,5927850,0
2014-10-08,16:00:00,76.18,76.72,75.84,76.22,4588238,0
2014-10-08,17:00:00,76.21,76.44,75.18,75.31,8030509,0
2014-10-08,18:00:00,75.31,75.98,75.1,75.95,4941324,0
2014-10-08,19:00:00,75.969,76.25,75.71,75.85,3201480,0
2014-10-08,20:00:00,75.85,76.5,75.73,76.4,2725391,0
2014-10-08,21:00:00,76.4,77.2,76.38,77.081,5469078,0
2014-10-08,22:00:00,77.09,77.71,77.09,77.52,7339498,0
2014-10-09,16:00:00,77.28,77.55,76.91,77,3146084,0
2014-10-09,17:00:00,76.99,77.61,76.82,77.6,5504570,0
2014-10-09,18:00:00,77.6,77.7601,76.63,76.92,5137933,0
2014-10-09,19:00:00,76.92,77.04,76.36,76.54,4917160,0
2014-10-09,20:00:00,76.55,76.76,75.91,76.3008,5658949,0
2014-10-09,21:00:00,76.3,76.37,75.85,75.9469,5134127,0
2014-10-09,22:00:00,75.9467,76.39,75.86,75.91,12057438,0
2014-10-10,16:00:00,75.59,76.5,75.14,75.65,6178183,0
2014-10-10,17:00:00,75.64,75.69,72.76,74.3,20715467,0
2014-10-10,18:00:00,74.3,74.69,73.9,74.35,6493634,0
2014-10-10,19:00:00,74.35,75.09,74.31,74.86,5430112,0
2014-10-10,20:00:00,74.86,75.17,74.2,74.38,4486195,0
2014-10-10,21:00:00,74.39,74.64,73.64,73.87,4509919,0
2014-10-10,22:00:00,73.87,73.9,72.81,72.91,9653416,0
2014-10-13,16:00:00,73.23,74.47,73.16,73.59,7607452,0
2014-10-13,17:00:00,73.6,73.94,72.52,73.6469,11177802,0
2014-10-13,18:00:00,73.65,74.6,73.49,74.39,7592714,0
2014-10-13,19:00:00,74.4,74.74,73.96,74.53,4913694,0
2014-10-13,20:00:00,74.54,74.78,73.86,74.0499,4364198,0
2014-10-13,21:00:00,74.05,74.35,73.69,73.78,3305192,0
2014-10-13,22:00:00,73.78,73.89,72.96,72.99,9406776,0
2014-10-14,16:00:00,74,74.18,72.2201,72.5335,9073573,0
2014-10-14,17:00:00,72.54,73.61,72.05,73.28,11429127,0
2014-10-14,18:00:00,73.285,73.95,73.13,73.85,5069904,0
2014-10-14,19:00:00,73.87,74.11,73.55,73.6,4107111,0
2014-10-14,20:00:00,73.615,74.06,73.24,73.43,4561727,0
2014-10-14,21:00:00,73.43,73.72,72.97,73.11,4845301,0
2014-10-14,22:00:00,73.115,73.69,72.73,73.59,11713948,0
2014-10-15,16:00:00,71.69,72.69,70.32,72.29,11512716,0
2014-10-15,17:00:00,72.29,73.16,70.99,72.67,11565236,0
2014-10-15,18:00:00,72.66,73.16,72.21,72.79,6848962,0
2014-10-15,19:00:00,72.78,72.78,71.65,72.11,6573957,0
2014-10-15,20:00:00,72.11,72.24,71.12,71.42,8422390,0
2014-10-15,21:00:00,71.4299,72.46,71.1,72.4059,9031049,0
2014-10-15,22:00:00,72.41,73.8,72.27,73.21,39050938,0
2014-10-16,16:00:00,70.79,72.19,70.58,71.869,8124122,0
2014-10-16,17:00:00,71.85,71.95,70.75,71.839,11889433,0
2014-10-16,18:00:00,71.83,72.755,71.7,72.26,7806633,0
2014-10-16,19:00:00,72.2769,72.43,71.56,72.35,5909550,0
2014-10-16,20:00:00,72.35,73.35,72.3333,72.8,8913751,0
2014-10-16,21:00:00,72.8,73.05,72.22,72.39,5497790,0
2014-10-16,22:00:00,72.39,73,72.08,72.63,7640835,0
2014-10-17,16:00:00,74.2,74.56,73.75,74.295,8443694,0
2014-10-17,17:00:00,74.3,74.75,74.14,74.7,8262271,0
2014-10-17,18:00:00,74.7,75.53,74.63,75.11,8331323,0
2014-10-17,19:00:00,75.11,75.5,75.0843,75.39,4876770,0
2014-10-17,20:00:00,75.3901,75.52,74.82,75.06,5080292,0
2014-10-17,21:00:00,75.06,75.27,74.58,75.09,5408834,0
2014-10-17,22:00:00,75.1,76,74.85,75.95,229950776,0
2014-10-20,16:00:00,75.6,76.83,75.38,76.33,7581032,0
2014-10-20,17:00:00,76.34,76.78,76.02,76.27,7679400,0
2014-10-20,18:00:00,76.27,76.54,76.06,76.46,4019400,0
2014-10-20,19:00:00,76.46,76.84,76.4,76.58,4463232,0
2014-10-20,20:00:00,76.581,76.89,76.43,76.56,3480358,0
2014-10-20,21:00:00,76.569,76.8,76.52,76.755,3432248,0
2014-10-20,22:00:00,76.76,77.09,76.74,76.95,7823752,0
2014-10-21,16:00:00,77.56,77.8,77.15,77.57,5380065,0
2014-10-21,17:00:00,77.57,77.85,77.3,77.69,4982607,0
2014-10-21,18:00:00,77.6998,77.97,77.63,77.85,4958199,0
2014-10-21,19:00:00,77.85,78.33,77.8434,78.28,4677729,0
2014-10-21,20:00:00,78.29,78.555,78.13,78.465,4051963,0
2014-10-21,21:00:00,78.455,78.74,78.37,78.4701,4024553,0
2014-10-21,22:00:00,78.475,78.69,78.24,78.69,7441149,0
2014-10-22,16:00:00,78.815,79.45,78.01,79.399,5918645,0
2014-10-22,17:00:00,79.4,79.81,78.95,79.53,8663786,0
2014-10-22,18:00:00,79.535,79.85,79.17,79.36,6090028,0
2014-10-22,19:00:00,79.37,79.55,78.14,78.73,7781734,0
2014-10-22,20:00:00,78.74,78.98,78.29,78.46,6672618,0
2014-10-22,21:00:00,78.47,78.79,78.4,78.77,4496137,0
2014-10-22,22:00:00,78.77,78.93,78.26,78.37,13818962,0
2014-10-23,16:00:00,79.38,79.55,79.01,79.31,4581629,0
2014-10-23,17:00:00,79.31,80.1,79.29,79.97,8489159,0
2014-10-23,18:00:00,79.96,80.08,79.77,79.99,4475577,0
2014-10-23,19:00:00,80,80.424,79.14,80.18,4837960,0
2014-10-23,20:00:00,80.18,80.59,80.164,80.46,3427427,0
2014-10-23,21:00:00,80.46,80.63,79.81,80.02,5742680,0
2014-10-23,22:00:00,80.019,80.24,79.81,80.04,27870471,0
2014-10-24,16:00:00,80.2,80.2,79.54,79.82,4708403,0
2014-10-24,17:00:00,79.83,79.95,79.32,79.56,6471184,0
2014-10-24,18:00:00,79.557,79.7,79.34,79.6527,4133975,0
2014-10-24,19:00:00,79.65,79.86,79.44,79.5,2885590,0
2014-10-24,20:00:00,79.5,79.81,79.36,79.74,3023556,0
2014-10-24,21:00:00,79.75,80.2,79.69,80.1562,3858717,0
2014-10-24,22:00:00,80.15,80.76,80.15,80.67,8710628,0
2014-10-27,15:00:00,80.74,80.8,79.96,80.18,6035676,0
2014-10-27,16:00:00,80.18,80.47,79.76,80.21,6518048,0
2014-10-27,17:00:00,80.2,80.54,79.88,79.9731,4513808,0
2014-10-27,18:00:00,79.97,80.22,79.82,80.192,3051720,0
2014-10-27,19:00:00,80.19,80.59,80.17,80.3432,3936642,0
2014-10-27,20:00:00,80.34,80.515,80.15,80.21,3276891,0
2014-10-27,21:00:00,80.2,80.38,80.11,80.28,12256776,0
2014-10-28,15:00:00,80.18,81.16,79.86,80.98,8634568,0
2014-10-28,16:00:00,80.99,81.09,80.51,80.51,8066163,0
2014-10-28,17:00:00,80.51,81.07,80.41,80.44,6323566,0
2014-10-28,18:00:00,80.44,80.63,80.02,80.26,6241107,0
2014-10-28,19:00:00,80.26,80.57,80.15,80.4,4264045,0
2014-10-28,20:00:00,80.4,80.49,79.57,79.75,8190386,0
2014-10-28,21:00:00,79.74,80.92,79.614,80.77,16714180,0
2014-10-29,15:00:00,75.45,76.88,74.78,76.17,33406762,0
2014-10-29,16:00:00,76.18,76.44,75.28,75.697,26256465,0
2014-10-29,17:00:00,75.7,76.2742,75.62,75.79,12430585,0
2014-10-29,18:00:00,75.79,76.168,75.53,75.9,7856293,0
2014-10-29,19:00:00,75.9001,76.07,75.59,75.75,5394404,0
2014-10-29,20:00:00,75.77,76.12,75.57,76.038,9687815,0
2014-10-29,21:00:00,76.02,76.08,75.64,75.86,12120242,0
2014-10-30,15:00:00,75.05,75.35,73.61,73.63,17643335,0
2014-10-30,16:00:00,73.635,74.27,72.9,73.23,22344508,0
2014-10-30,17:00:00,73.24,74.17,73.11,74.163,14161582,0
2014-10-30,18:00:00,74.17,74.58,74.07,74.24,9239068,0
2014-10-30,19:00:00,74.235,74.49,73.9,74.36,7580696,0
2014-10-30,20:00:00,74.36,74.44,73.655,73.8,7097849,0
2014-10-30,21:00:00,73.79,74.12,73.75,74.11,11370681,0
2014-10-31,15:00:00,74.93,75.14,74.45,74.8799,9022896,0
2014-10-31,16:00:00,74.88,75.7,74.52,75.68,10427273,0
2014-10-31,17:00:00,75.65,75.7,74.77,74.81,7766809,0
2014-10-31,18:00:00,74.815,75.23,74.75,75.2,4247723,0
2014-10-31,19:00:00,75.2001,75.21,74.78,75.005,3527648,0
2014-10-31,20:00:00,75.005,75.2,74.91,75.01,3954810,0
2014-10-31,21:00:00,75.01,75.07,74.85,74.99,8383521,0
2014-11-03,16:00:00,75.47,75.52,74.91,75.2799,7342165,0
2014-11-03,17:00:00,75.28,75.44,74.76,74.91,8291538,0
2014-11-03,18:00:00,74.91,75.24,74.57,74.61,4765378,0
2014-11-03,19:00:00,74.61,74.63,74.11,74.1399,6277997,0
2014-11-03,20:00:00,74.13,74.25,73.7,74.16,7284212,0
2014-11-03,21:00:00,74.16,74.19,73.78,73.96,4327144,0
2014-11-03,22:00:00,73.96,74.08,73.8,73.88,5015882,0
2014-11-04,16:00:00,74.25,74.365,73.9,74.3,1338467,0
2014-11-04,18:00:00,74.47,74.649,74.32,74.57,871690,0
2014-11-04,19:00:00,74.53,74.745,74.375,74.66,2230112,0
2014-11-04,20:00:00,74.6644,75.1,74.58,75.06,4594501,0
2014-11-04,21:00:00,75.06,75.36,75.04,75.32,5163250,0
2014-11-04,22:00:00,75.32,75.77,75.285,75.76,9122862,0
2014-11-05,16:00:00,76.51,76.8,75.43,75.5,7764513,0
2014-11-05,17:00:00,75.49,75.83,75.04,75.5,7774185,0
2014-11-05,18:00:00,75.5,75.69,75.46,75.577,3176047,0
2014-11-05,19:00:00,75.57,75.69,75.26,75.43,2823534,0
2014-11-05,20:00:00,75.42,75.48,74.75,75.16,6301663,0
2014-11-05,21:00:00,75.15,75.18,74.48,74.57,5365821,0
2014-11-05,22:00:00,74.58,74.96,74.42,74.83,6483957,0
2014-11-06,16:00:00,74.89,75.24,74.31,75.16,4748216,0
2014-11-06,17:00:00,75.16,75.54,74.91,75.24,5391608,0
2014-11-06,18:00:00,75.23,75.6,75.2,75.266,3058128,0
2014-11-06,19:00:00,75.2699,75.49,75.18,75.43,1754388,0
2014-11-06,20:00:00,75.44,75.54,75.2801,75.54,1751269,0
2014-11-06,21:00:00,75.53,75.57,75.04,75.233,2477188,0
2014-11-06,22:00:00,75.23,75.32,75.05,75.26,25228901,0
2014-11-07,16:00:00,75.39,75.855,75.33,75.55,4391630,0
2014-11-07,17:00:00,75.55,75.57,75.02,75.51,5168495,0
2014-11-07,18:00:00,75.52,75.79,75.46,75.64,3250232,0
2014-11-07,19:00:00,75.64,75.73,75.41,75.68,2112335,0
2014-11-07,20:00:00,75.68,75.75,75.46,75.625,1924970,0
2014-11-07,21:00:00,75.6201,75.6769,75.31,75.5469,2015476,0
2014-11-07,22:00:00,75.545,75.66,75.27,75.6,25910396,0
2014-11-10,16:00:00,75.41,75.4799,74.61,75.15,5332326,0
2014-11-10,17:00:00,75.14,75.23,74.86,75.09,4408523,0
2014-11-10,18:00:00,75.09,75.19,74.86,74.89,2927154,0
2014-11-10,19:00:00,74.89,75,74.75,74.88,2674767,0
2014-11-10,20:00:00,74.89,75.17,74.8431,75.1067,2360293,0
2014-11-10,21:00:00,75.11,75.3,75.04,75.12,2311026,0
2014-11-10,22:00:00,75.123,75.15,74.88,75,18854079,0
